# Main file: result_double_ue/output.csv
numIteration,tail,head,freeFlowCost,actualCost,capacity,flow
100,0,546,1249,1249.35,49500,10296
100,1,547,1249,1250.12,49500,13774
100,2,548,1249,1254.54,49500,20530
100,3,549,1249,1253.27,49500,19228
100,4,550,1249,1294.85,49500,34816
100,5,551,1249,1249.96,49500,13244
100,6,552,1249,1254.12,49500,20124
100,7,553,1249,1252.98,49500,18898
100,8,554,1249,1250.13,49500,13780
100,9,555,1249,1268.29,49500,28040
100,10,556,1249,1255.63,49500,21468
100,11,557,1249,1250.31,49500,14308
100,12,558,1249,1253.21,49500,19160
100,13,559,1249,1273.92,49500,29894
100,14,560,1249,1252.44,49500,18216
100,15,561,1249,1255.01,49500,20946
100,16,562,1249,1252.69,49500,18538
100,17,563,1249,1253.01,49500,18928
100,18,564,1249,1249.03,49500,5518
100,19,565,1249,1250.93,49500,15778
100,20,566,1249,1249.28,49500,9734
100,21,567,1249,1249.08,49500,7072
100,22,568,1249,1262.6,49500,25694
100,23,569,1249,1249.73,49500,12364
100,24,570,1249,1249.73,49500,12356
100,25,571,1249,1263.8,49500,26244
100,26,572,1249,1250.96,49500,15840
100,27,573,1249,1252.09,49500,17744
100,28,574,1249,1272.68,49500,29514
100,29,575,1249,1249.49,49500,11182
100,30,576,1249,1251.07,49500,16044
100,31,577,1249,1251.14,49500,16174
100,32,578,1249,1249.29,49500,9796
100,33,579,1249,1249.97,49500,13280
100,34,580,1249,1249.4,49500,10622
100,35,581,1249,1249.77,49500,12516
100,36,582,1249,1249,49500,2648
100,37,583,1249,1249.02,49500,4798
100,38,584,1249,1250.15,49500,13860
100,39,585,1249,1249.01,49500,4086
100,40,586,1249,1251.32,49500,16508
100,41,587,1249,1249.01,49500,4588
100,42,588,1249,1249.44,49500,10882
100,43,589,1249,1250.44,49500,14646
100,44,590,1249,1249.85,49500,12850
100,45,591,1249,1250.04,49500,13520
100,46,592,1249,1249.04,49500,6104
100,47,593,1249,1249.35,49500,10316
100,48,594,1249,1249.09,49500,7344
100,49,595,1249,1249.3,49500,9884
100,50,596,1249,1249,49500,3456
100,51,597,1249,1249.01,49500,4368
100,52,598,1249,1249.27,49500,9678
100,53,599,1249,1249,49500,2872
100,54,600,1249,1249.01,49500,3912
100,55,601,1249,1249.2,49500,8972
100,56,602,1249,1249.01,49500,3658
100,57,603,1249,1249.71,49500,12298
100,58,604,1249,1249.43,49500,10838
100,59,605,1249,1249.41,49500,10690
100,60,606,1249,1249.44,49500,10912
100,61,607,1249,1249.51,49500,11320
100,62,608,1249,1249.12,49500,7792
100,63,609,1249,1252.73,49500,18592
100,64,610,1249,1249.09,49500,7328
100,65,611,1249,1249.83,49500,12752
100,66,612,1249,1249.13,49500,8084
100,67,613,1249,1250.01,49500,13426
100,68,614,1249,1249.87,49500,12906
100,69,615,1249,1249.23,49500,9294
100,70,616,1249,1249.15,49500,8278
100,71,617,1249,1250.55,49500,14928
100,72,618,1249,1250.91,49500,15724
100,73,619,1249,1249.03,49500,5584
100,74,620,1249,1249.03,49500,5670
100,75,621,1249,1249.71,49500,12264
100,76,622,1249,1251.25,49500,16386
100,77,623,1249,1250.21,49500,14030
100,78,624,1249,1249.13,49500,8014
100,79,625,1249,1255.07,49500,21004
100,80,626,1249,1251.67,49500,17100
100,81,627,1249,1249.62,49500,11888
100,82,628,1249,1249.2,49500,8970
100,83,629,1249,1249.96,49500,13228
100,84,630,1249,1265.48,49500,26956
100,85,631,1249,1249.45,49500,10958
100,86,632,1249,1249.72,49500,12332
100,87,633,1249,1249.26,49500,9512
100,88,634,1249,1249.02,49500,5090
100,89,635,1249,1249.02,49500,4774
100,90,636,1249,1250.38,49500,14510
100,91,637,1249,1249.01,49500,3864
100,92,638,1249,1249.21,49500,9094
100,93,639,1249,1249,49500,1282
100,94,640,1249,1249.04,49500,5870
100,95,641,1249,1249,49500,1522
100,96,642,1249,1249.88,49500,12974
100,97,643,1249,1251.76,49500,17246
100,98,644,1249,1249.24,49500,9408
100,99,645,1249,1249.1,49500,7544
100,100,646,1249,1249.06,49500,6642
100,101,647,1249,1249.11,49500,7742
100,102,648,1249,1249.01,49500,3860
100,103,649,1249,1249.06,49500,6568
100,104,650,1249,1249,49500,2336
100,105,651,1249,1249.13,49500,8082
100,106,652,1249,1249.11,49500,7630
100,107,653,1249,1249.12,49500,7894
100,108,654,1249,1249.05,49500,6416
100,109,655,1249,1249.57,49500,11646
100,110,656,1249,1249.51,49500,11284
100,111,657,1249,1249.11,49500,7664
100,112,658,1249,1249.12,49500,7926
100,113,659,1249,1249.01,49500,4610
100,114,660,1249,1249.16,49500,8424
100,115,661,1249,1249.02,49500,5094
100,116,662,1249,1249,49500,1992
100,117,663,1249,1249.2,49500,8926
100,118,664,1249,1249,49500,2900
100,119,665,1249,1249,49500,3338
100,120,666,1249,1249.12,49500,7918
100,121,667,1249,1249.01,49500,4208
100,122,668,1249,1249.2,49500,8908
100,123,669,1249,1249.01,49500,3914
100,124,670,1249,1249.02,49500,4832
100,125,671,1249,1249,49500,1366
100,126,672,1249,1249.01,49500,4662
100,127,673,1249,1249,49500,2076
100,128,674,1249,1249.13,49500,8074
100,129,675,1249,1249.05,49500,6364
100,130,676,1249,1249.37,49500,10408
100,131,677,1249,1249.15,49500,8324
100,132,678,1249,1249.42,49500,10762
100,133,679,1249,1249.08,49500,7102
100,134,680,1249,1249.52,49500,11354
100,135,681,1249,1249.94,49500,13176
100,136,682,1249,1249.02,49500,5094
100,137,683,1249,1249,49500,3308
100,138,684,1249,1249.01,49500,3652
100,139,685,1249,1249,49500,2578
100,140,686,1249,1249.45,49500,10970
100,141,687,1249,1249.39,49500,10602
100,142,688,1249,1249.16,49500,8524
100,143,689,1249,1249.06,49500,6548
100,144,690,1249,1250.49,49500,14774
100,145,691,1249,1250.29,49500,14252
100,146,692,1249,1249.87,49500,12906
100,147,693,1249,1250.09,49500,13686
100,148,694,1249,1249.18,49500,8720
100,149,695,1249,1249,49500,3312
100,150,696,1249,1249.01,49500,3808
100,151,697,1249,1249.02,49500,5294
100,152,698,1249,1249.23,49500,9242
100,153,699,1249,1249.4,49500,10624
100,154,700,1249,1249.23,49500,9310
100,155,701,1249,1249.21,49500,9062
100,156,702,1249,1249.66,49500,12064
100,157,703,1249,1249.85,49500,12846
100,158,704,1249,1249.26,49500,9534
100,159,705,1249,1249.38,49500,10528
100,160,706,1249,1249.01,49500,3880
100,161,707,1249,1249,49500,1626
100,162,708,1249,1249,49500,1172
100,163,709,1249,1249.02,49500,5298
100,164,710,1249,1249,49500,1238
100,165,711,1249,1249.02,49500,5166
100,166,712,1249,1249,49500,2652
100,167,713,1249,1249,49500,840
100,168,714,1249,1249,49500,1468
100,169,715,1249,1249.44,49500,10894
100,170,716,1249,1249,49500,2528
100,171,717,1249,1249.05,49500,6434
100,172,718,1249,1249,49500,1532
100,173,719,1249,1249,49500,980
100,174,720,1249,1249,49500,2864
100,175,721,1249,1249,49500,1972
100,176,722,1249,1249,49500,1176
100,177,723,1249,1249.03,49500,5506
100,178,724,1249,1249.01,49500,3896
100,179,725,1249,1249,49500,906
100,180,726,1249,1249,49500,1662
100,181,727,1249,1249.02,49500,4940
100,182,728,1249,1249,49500,2772
100,183,729,1249,1249,49500,3316
100,184,730,1249,1249,49500,2262
100,185,731,1249,1249,49500,1268
100,186,732,1249,1249,49500,2272
100,187,733,1249,1249.05,49500,6454
100,188,734,1249,1249.1,49500,7578
100,189,735,1249,1249.35,49500,10258
100,190,736,1249,1249.13,49500,8016
100,191,737,1249,1249,49500,2786
100,192,738,1249,1249,49500,570
100,193,739,1249,1249,49500,2890
100,194,740,1249,1249,49500,2080
100,195,741,1249,1249,49500,1754
100,196,742,1249,1249,49500,1750
100,197,743,1249,1249.02,49500,5216
100,198,744,1249,1249.05,49500,6284
100,199,745,1249,1249.03,49500,5478
100,200,746,1249,1249,49500,2532
100,201,747,1249,1249.01,49500,3632
100,202,748,1249,1249,49500,3408
100,203,749,1249,1249.01,49500,4254
100,204,750,1249,1249.01,49500,4362
100,205,751,1249,1249,49500,1694
100,206,752,1249,1249.01,49500,4306
100,207,753,1249,1249,49500,3298
100,208,754,1249,1249.22,49500,9206
100,209,755,1249,1249.78,49500,12554
100,210,756,1249,1249.01,49500,4534
100,211,757,1249,1249,49500,1294
100,212,758,1249,1249,49500,536
100,213,759,1249,1249,49500,3180
100,214,760,1249,1249,49500,718
100,215,761,1249,1249,49500,2884
100,216,762,1249,1249.01,49500,3802
100,217,763,1249,1249,49500,3018
100,218,764,1249,1249.16,49500,8430
100,219,765,1249,1249.22,49500,9116
100,220,766,1249,1249.03,49500,5348
100,221,767,1249,1249.04,49500,6084
100,222,768,1249,1249,49500,2026
100,223,769,1249,1249,49500,3192
100,224,770,1249,1249,49500,2476
100,225,771,1249,1249.01,49500,4592
100,226,772,1249,1249,49500,2382
100,227,773,1249,1249.02,49500,4784
100,228,774,1249,1249.02,49500,5028
100,229,775,1249,1249.05,49500,6372
100,230,776,1249,1249.06,49500,6752
100,231,777,1249,1249.14,49500,8178
100,232,778,1249,1249.16,49500,8428
100,233,779,1249,1249,49500,2176
100,234,780,1249,1249,49500,762
100,235,781,1249,1249,49500,1026
100,236,782,1249,1249,49500,1920
100,237,783,1249,1249,49500,876
100,238,784,1249,1249,49500,1360
100,239,785,1249,1249,49500,974
100,240,786,1249,1249,49500,2714
100,241,787,1249,1249,49500,1018
100,242,788,1249,1249,49500,1516
100,243,789,1249,1249.01,49500,4116
100,244,790,1249,1249,49500,2102
100,245,791,1249,1249,49500,2682
100,246,792,1249,1249,49500,2418
100,247,793,1249,1249,49500,1060
100,248,794,1249,1249.02,49500,5170
100,249,795,1249,1249,49500,1526
100,250,796,1249,1249,49500,850
100,251,797,1249,1249,49500,1626
100,252,798,1249,1249,49500,3118
100,253,799,1249,1249,49500,2172
100,254,800,1249,1249,49500,916
100,255,801,1249,1249,49500,1294
100,256,802,1249,1249,49500,3348
100,257,803,1249,1249.01,49500,3764
100,258,804,1249,1249.05,49500,6404
100,259,805,1249,1249,49500,3430
100,260,806,1249,1249,49500,2880
100,261,807,1249,1249,49500,3160
100,262,808,1249,1249,49500,2290
100,263,809,1249,1249,49500,1052
100,264,810,1249,1249,49500,616
100,265,811,1249,1249,49500,636
100,266,812,1249,1249.07,49500,6764
100,267,813,1249,1249.01,49500,4318
100,268,814,1249,1249,49500,3136
100,269,815,1249,1249,49500,2454
100,270,816,1249,1249,49500,1318
100,271,817,1249,1249,49500,1548
100,272,818,1249,1249,49500,3290
100,273,819,1249,1249,49500,778
100,274,820,1249,1249,49500,3038
100,275,821,1249,1249,49500,1458
100,276,822,1249,1249,49500,3254
100,277,823,1249,1249,49500,2650
100,278,824,1249,1249,49500,3072
100,279,825,1249,1249,49500,1708
100,280,826,1249,1249,49500,1068
100,281,827,1249,1249,49500,758
100,282,828,1249,1249.01,49500,4416
100,283,829,1249,1249,49500,1304
100,284,830,1249,1249,49500,1728
100,285,831,1249,1249,49500,986
100,286,832,1249,1249.09,49500,7418
100,287,833,1249,1249.45,49500,10988
100,288,834,1249,1249,49500,2556
100,289,835,1249,1249,49500,2088
100,290,836,1249,1249,49500,2008
100,291,837,1249,1249,49500,1820
100,292,838,1249,1249,49500,1614
100,293,839,1249,1249,49500,1742
100,294,840,1249,1249,49500,2048
100,295,841,1249,1249,49500,2852
100,296,842,1249,1249,49500,2178
100,297,843,1249,1249,49500,1366
100,298,844,1249,1249,49500,2212
100,299,845,1249,1249,49500,1194
100,300,846,1249,1249,49500,1406
100,301,847,1249,1249,49500,820
100,302,848,1249,1249,49500,3528
100,303,849,1249,1249,49500,1600
100,304,850,1249,1249,49500,3076
100,305,851,1249,1249,49500,686
100,306,852,1249,1249,49500,970
100,307,853,1249,1249,49500,936
100,308,854,1249,1249,49500,2274
100,309,855,1249,1249,49500,554
100,310,856,1249,1249,49500,542
100,311,857,1249,1249,49500,1360
100,312,858,1249,1249,49500,728
100,313,859,1249,1249,49500,1282
100,314,860,1249,1249,49500,388
100,315,861,1249,1249,49500,1884
100,316,862,1249,1249,49500,714
100,317,863,1249,1249,49500,2406
100,318,864,1249,1249,49500,2366
100,319,865,1249,1249.05,49500,6176
100,320,866,1249,1249,49500,1094
100,321,867,1249,1249,49500,1512
100,322,868,1249,1249,49500,650
100,323,869,1249,1249,49500,764
100,324,870,1249,1249,49500,534
100,325,871,1249,1249,49500,612
100,326,872,1249,1249,49500,344
100,327,873,1249,1249,49500,1506
100,328,874,1249,1249,49500,1718
100,329,875,1249,1249,49500,812
100,330,876,1249,1249,49500,3256
100,331,877,1249,1249,49500,2164
100,332,878,1249,1249,49500,322
100,333,879,1249,1249,49500,618
100,334,880,1249,1249,49500,1528
100,335,881,1249,1249,49500,268
100,336,882,1249,1249,49500,368
100,337,883,1249,1249,49500,1022
100,338,884,1249,1249,49500,518
100,339,885,1249,1249,49500,1496
100,340,886,1249,1249,49500,436
100,341,887,1249,1249,49500,824
100,342,888,1249,1249,49500,604
100,343,889,1249,1249,49500,562
100,344,890,1249,1249,49500,1404
100,345,891,1249,1249.02,49500,5020
100,346,892,1249,1249,49500,948
100,347,893,1249,1249,49500,1012
100,348,894,1249,1249,49500,582
100,349,895,1249,1249,49500,704
100,350,896,1249,1249.01,49500,3922
100,351,897,1249,1249,49500,1534
100,352,898,1249,1249,49500,850
100,353,899,1249,1249,49500,716
100,354,900,1249,1249,49500,672
100,355,901,1249,1267.75,49500,27840
100,356,902,1249,1258.44,49500,23454
100,357,903,1249,1249.16,49500,8510
100,358,904,1249,1249.46,49500,10992
100,359,905,1249,1249.17,49500,8650
100,360,906,1249,1249,49500,2170
100,361,907,1249,1249.03,49500,5506
100,362,908,1249,1249,49500,1314
100,363,909,1249,1249,49500,1268
100,364,910,1249,1249,49500,1998
100,365,911,1249,1249,49500,536
100,366,912,1249,1249.03,49500,5414
100,367,913,1249,1249,49500,2690
100,368,914,1249,1249,49500,876
100,369,915,1249,1249,49500,1478
100,370,916,1249,1249,49500,1450
100,371,917,1249,1249,49500,1548
100,372,918,1249,1249,49500,2796
100,373,919,1249,1249,49500,3328
100,374,920,1249,1249,49500,2114
100,375,921,1249,1249.53,49500,11424
100,376,922,1249,1249,49500,3322
100,377,923,1249,1249,49500,378
100,378,924,1249,1249,49500,2560
100,379,925,1249,1249,49500,968
100,380,926,1249,1249.01,49500,3806
100,381,927,1249,1249,49500,3110
100,382,928,1249,1249,49500,1448
100,383,929,1249,1249,49500,0
100,384,930,1249,1249,49500,314
100,385,931,1249,1249,49500,44
100,386,932,1249,1249.58,49500,11674
100,387,389,6647,7220.46,3500,3048
100,387,390,3576,4059.94,3500,3411.09
100,387,707,1751,4216.27,2000,3500.67
100,387,801,2881,2930.9,2000,1165.86
100,388,389,2594,3106.57,1000,1071.33
100,388,800,5725,5727.19,2500,561.595
100,388,913,2391,2393.2,2500,699.997
100,389,387,6647,7666.26,3500,3519.33
100,389,388,2594,2598.84,1000,333.998
100,389,924,4174,4440.11,3500,2826
100,390,387,3576,3600.36,3500,1615.66
100,390,391,2539,3587.62,3500,4508.52
100,390,708,318,440.265,3000,3795.92
100,390,714,3795,5342.26,3000,3852
100,391,390,2539,2560.03,3500,1696.58
100,391,392,1534,3518.44,3500,5997.89
100,391,712,630,977.705,1000,1384.98
100,391,716,1788,3572.56,1000,1606.08
100,392,391,1534,1614.22,3500,2689.44
100,392,393,2049,6841.12,5000,9935.59
100,392,711,1570,3772.84,3500,6120.91
100,392,715,1110,2705.56,3500,6158.04
100,393,392,2049,2459.38,5000,5374.74
100,393,394,1454,4568.78,5000,9719.92
100,393,583,2973,8997.46,500,958.579
100,393,600,1051,1689,500,709.171
100,394,393,1454,1641.48,5000,4814.41
100,394,395,2185,10180.3,5000,11112
100,394,583,2338,4318.78,3500,5395.64
100,394,599,815,1529.88,3500,5442.7
100,395,394,2185,2248.64,5000,3319.05
100,395,396,1271,5921.81,5000,11112
100,396,395,1271,1308.02,5000,3319.05
100,396,397,1417,8218.94,5000,11892.2
100,396,587,1811,3024.84,3000,4361.74
100,396,603,771,3514.91,3000,6621.06
100,397,396,1417,2179.07,5000,6880.24
100,397,398,433,3360.51,5000,12955.4
100,397,399,1273,1468.43,6500,6537.84
100,397,402,1827,4738.78,8000,14443.5
100,398,397,433,689.32,5000,7047.27
100,398,536,2561,13163.2,5000,11460.2
100,398,603,2009,2447.3,7000,7687.28
100,398,608,527,2383.36,7000,15409.5
100,399,397,1273,2303.41,6500,9906.87
100,399,400,2441,2804,5000,4989.23
100,399,586,527,7762.03,500,1548.73
100,399,608,4036,8067.72,500,803.215
100,400,399,2441,6105.22,5000,8893.05
100,400,401,1011,1011,5000,0
100,400,584,1017,1550.72,6000,8205.91
100,400,589,1090,3799.79,6000,12106.1
100,401,400,1011,1011,5000,0
100,402,397,1827,3200.82,8000,11970.6
100,402,403,1956,8610.67,6500,14185
100,402,605,1700,2968.54,1500,2240.18
100,402,610,1242,9590.68,1500,3880.99
100,403,402,1956,5947.93,6500,12483.7
100,403,404,633,6100.81,5000,13773.7
100,403,674,1903,2347.54,5500,6144.09
100,403,679,765,6443.84,5500,14587.8
100,404,403,633,5690.15,5000,13507.4
100,404,405,1526,1652.7,5000,4312.72
100,404,487,606,3478.26,5000,11854.5
100,405,404,1526,3449.15,5000,8512.59
100,405,406,1986,2285.78,5000,5007.88
100,405,676,1189,1456.63,3000,3320.37
100,405,681,1468,9362.02,3000,7340.77
100,406,405,1986,3295.99,5000,7240.51
100,406,407,1961,3962.8,5000,8075.75
100,406,686,1034,1683.12,6500,9296.98
100,406,691,1482,9837.32,6500,16094.2
100,407,406,1961,5164.41,5000,9083.03
100,407,408,1305,2329.82,5000,7563.21
100,407,688,1322,2524.57,2000,3138.54
100,407,693,1269,13091.3,2000,5614.58
100,408,407,1305,4601.9,5000,10129.1
100,408,409,2357,3245.88,5000,6296.05
100,408,537,887,2812.81,5000,9752.59
100,408,538,1721,12479.7,5000,12704
100,409,408,2357,10370.8,5000,10909.8
100,409,410,1635,2095.52,3500,4097.12
100,409,689,1733,6497.25,2000,4138.15
100,409,699,659,4398.99,2000,4960.25
100,410,409,1635,7175.26,3500,7630.42
100,410,411,1637,2310.31,3500,4503.88
100,410,684,1819,4997.25,6000,11084.5
100,410,694,625,3199.53,6000,13735.1
100,411,410,1637,6534.51,3500,7396.51
100,411,412,1570,2215.75,3500,4503.88
100,412,411,1570,6267.06,3500,7396.51
100,412,413,1580,2082.66,3500,4223.75
100,412,729,2018,3069.43,4000,5460.74
100,412,733,392,848.998,4000,6678.73
100,413,412,1580,3344.82,3500,5781.71
100,413,414,2460,2490.91,3500,1882.97
100,413,730,1973,3412.37,3500,5197.64
100,413,734,324,1065.87,3500,6918.17
100,414,413,2460,3689.49,3500,4728.71
100,414,415,3396,3475.82,3500,2202.09
100,414,726,2893,3379.34,3500,3601.17
100,414,732,1817,2121.88,3500,3599.48
100,415,414,3396,4871.29,3500,4565.86
100,415,416,3087,3099.7,3500,1424.24
100,415,725,926,1747.28,2000,3118.73
100,415,731,3180,3227.63,2000,1124.27
100,416,415,3087,3313.55,3500,2927.21
100,416,731,5936,6136.8,3500,2411.91
100,416,912,2059,2071.53,3500,1570.93
100,416,925,3777,3778.14,3500,742
100,417,418,3159,4096.22,5000,5929.53
100,417,920,2336,3443.95,2000,2666.98
100,417,921,2865,4560.76,2000,2818.82
100,417,922,5376,5485.33,5000,3034
100,418,417,3159,3207.96,5000,2834.76
100,418,419,2682,4750.52,5000,7529.17
100,418,738,3042,3268.49,1500,1259.05
100,418,742,865,1104.75,1500,1748.86
100,419,418,2682,2809.85,5000,3754.14
100,419,420,1978,3740.28,5000,7805.66
100,419,750,1541,2152.65,3000,3826.26
100,419,751,1010,1172.38,3000,3052.46
100,420,419,1978,2052.29,5000,3536.87
100,420,421,2117,8124.01,5000,10427.5
100,420,752,566,1402.69,2000,3543.6
100,420,753,1715,2403.51,2000,2558.11
100,421,420,2117,2281.9,5000,4244.45
100,421,422,1870,13339.4,5000,12643.6
100,421,761,520,2504.53,1000,2245.9
100,421,765,2155,3906.4,1000,1525.67
100,422,421,1870,2287.19,5000,5521.68
100,422,423,2064,12997.7,5000,12188.8
100,422,763,360,5469.88,1000,3126.18
100,422,766,2441,13320.1,1000,2334.71
100,423,422,2064,2532.5,5000,5545.6
100,423,424,1997,19457.5,5000,13815.5
100,423,772,775,5326.47,1000,2501.44
100,423,776,2243,9350.4,1000,2143.87
100,424,423,1997,3034.63,5000,6821.24
100,424,425,1023,7103.26,5000,12544.7
100,424,774,1583,5995.16,2000,4152.41
100,424,778,890,11389.3,2000,5955.94
100,425,424,1023,1533.72,5000,6753.42
100,425,426,667,6943.34,3500,9850.1
100,425,440,2898,6992.77,5000,8759.51
100,426,425,667,2920.79,3500,7625.04
100,426,427,2111,4361.58,3500,5714.74
100,426,593,863,1545.87,7000,10608.6
100,426,778,1587,1942.28,7000,7737.03
100,427,426,2111,3234.79,3500,4803.91
100,427,428,471,532.012,3500,3373.99
100,427,430,622,2161.54,5000,10077.4
100,428,427,471,642.679,3500,4369.88
100,428,429,378,378,3500,0
100,428,592,1449,1671.95,6500,6541.46
100,428,777,1653,1716.07,6500,4616.15
100,429,428,378,378,3500,0
100,430,427,622,1287.32,5000,8170.65
100,430,431,2121,7874.88,5000,10311
100,430,592,760,942.333,4000,4498.32
100,430,596,1737,2611.7,4000,5414.42
100,431,430,2121,4169.04,5000,7964.28
100,431,432,1567,6301.95,5000,10592.8
100,431,594,1892,2646.35,4500,5745.84
100,431,598,802,1694.08,4500,7425.87
100,432,431,1567,3107.7,5000,8000.36
100,432,433,1404,3909.17,5000,9285.7
100,432,615,2053,2122.95,9500,6558.32
100,432,616,904,915.965,9500,5177.75
100,433,432,1404,2803.97,5000,8028.52
100,433,434,1841,3913.2,5000,8275.45
100,433,617,2482,2571.53,9000,6302.47
100,433,618,388,754.123,9000,14253.4
100,434,433,1841,4306.79,5000,8643.16
100,434,435,1150,2934.79,5000,8967.46
100,434,551,534,1653.13,4500,8700.1
100,434,553,2372,5506.24,4500,7752.54
100,435,434,1150,3072.74,5000,9135.93
100,435,436,1857,6668.44,5000,10193.3
100,435,495,613,2714.55,9000,19678.4
100,436,435,1857,7723.4,5000,10711.2
100,436,437,2473,10296.3,5000,10714.9
100,436,553,373,1552.78,4000,8571.56
100,436,555,4277,5538.49,4000,4736.67
100,437,436,2473,9193.3,5000,10315.5
100,437,438,1446,2783.22,5000,7878.72
100,437,534,4891,10437.7,6500,10778.3
100,437,535,1267,4721.64,5000,10324.1
100,437,539,1003,7916.98,3500,9112.81
100,438,437,1446,5956.25,5000,10677.2
100,438,439,1526,2428.54,5000,7045.71
100,438,613,1632,6366.91,6000,12582.8
100,438,614,1153,5118.74,6000,13129.6
100,439,438,1526,5575.13,5000,10254.1
100,439,440,1571,2612.3,5000,7249.31
100,439,611,1594,7580.74,2000,4473.86
100,439,612,1136,5521.86,2000,4504.81
100,440,425,2898,3403.93,5000,5193.33
100,440,439,1571,6283.28,5000,10573.3
100,440,590,1902,4947.23,6000,10845
100,440,595,431,3819.03,6000,16143.4
100,441,442,2147,2180.49,3500,1987.47
100,441,897,3894,4025.31,500,344.289
100,441,898,1657,6559.9,500,1053.73
100,441,928,3787,3798.01,3500,1306
100,442,441,2147,2158.01,3500,1505.03
100,442,443,2677,2909.2,3500,3052.11
100,442,896,780,14016.5,500,1648.76
100,442,897,2381,4003.72,500,729.992
100,443,442,2677,2802.87,3500,2618.85
100,443,444,2996,3255.87,3500,3052.11
100,444,443,2996,3136.86,3500,2618.85
100,444,445,3758,4254.19,3500,3390.14
100,444,884,3812,4431.32,1000,1020.16
100,444,885,630,908.722,1000,1310.49
100,445,444,3758,3900.66,3500,2482.46
100,445,446,3469,6151.35,3500,5273.79
100,445,857,1442,1446.56,8500,3239.52
100,445,858,3124,3125.43,8500,1997.16
100,446,445,3469,3957.08,3500,3444.42
100,446,447,2385,3753.33,3500,4894.64
100,446,847,3347,3591.7,4000,3342.18
100,446,848,1118,1413.19,4000,4607.36
100,447,446,2385,2721.67,3500,3447.26
100,447,448,1968,3227.29,5000,7185.75
100,447,663,1661,1967.5,3500,3686.05
100,447,664,705,901.047,3500,4084.02
100,448,447,1968,2231.25,5000,4858.85
100,448,449,1205,2065.15,5000,7384.88
100,448,661,1754,1991.14,2000,1948.72
100,448,662,841,1296.98,2000,2757.69
100,449,448,1205,1316.32,5000,4429.42
100,449,450,862,1718.57,5000,8021.61
100,449,452,2732,3110,5000,4900.03
100,449,507,2291,2793.27,5000,5497.62
100,450,449,862,1172.74,5000,6225.44
100,450,451,1302,3397.98,5000,9049.84
100,450,653,1086,1406.35,5000,5921.02
100,450,654,1482,1598.23,5000,4251.75
100,451,450,1302,1766.07,5000,6207.84
100,451,524,1388,3165.31,5000,8546.54
100,451,651,1305,2229.12,7000,10318.2
100,451,653,1370,1501.62,7000,6262.2
100,452,449,2732,3722.51,5000,6234.36
100,452,453,6153,8845.01,3500,4573.96
100,452,649,1687,3116.64,500,770.859
100,452,840,880,2046.99,500,862.17
100,453,452,6153,12529.7,3500,5674.44
100,453,454,1930,2971.08,3500,4819.78
100,453,837,1163,1179.38,3000,1660.7
100,453,839,1483,1511.18,3000,1789.81
100,454,453,1930,3052.73,3500,4911.62
100,454,455,1616,2484.15,3500,4814.86
100,454,832,1614,1908.26,3000,3149.95
100,454,834,1715,1730.39,3000,1483.76
100,455,454,1616,2637.19,3500,5014.32
100,455,456,1757,2735.51,3500,4858.4
100,455,833,1201,1647.67,5500,6901.61
100,455,835,1461,1523.51,5500,4019.45
100,456,455,1757,2971.27,3500,5127.8
100,456,457,899,1264.45,3500,4490.67
100,456,828,2182,2300.6,1000,775.855
100,456,830,434,1469.97,1000,1997.29
100,457,456,899,1443.33,3500,4961.03
100,457,458,854,1118.26,5000,5992.25
100,457,466,3099,3489.09,3500,3349.89
100,457,467,1754,2927.29,3500,5086.15
100,458,457,854,1225.68,5000,6525.65
100,458,459,2785,3308.54,3500,3703.19
100,458,831,761,1099.63,2000,2624.78
100,458,844,4684,4684,2000,82.87
100,459,458,2785,3776.25,3500,4343.95
100,459,460,3779,4209.95,3500,3268.19
100,459,871,3524,3560.25,3500,1791.1
100,459,874,1328,1365.62,3500,2307.33
100,460,459,3779,4712.48,3500,3964.85
100,460,461,3230,3837.56,3500,3703.76
100,460,873,1407,1893.24,2000,2464.03
100,460,876,3509,3651.53,2000,1442.74
100,461,460,3230,4166.65,3500,4127.05
100,461,872,2076,2076,1500,45.4799
100,461,875,2603,2709.13,1500,1083.08
100,461,926,4663,5114.96,3500,3138
100,462,463,2342,2561,3500,3110
100,462,927,9553,10915.2,3500,3456
100,463,462,2342,2675.96,3500,3456
100,463,464,4308,4855.28,3500,3357.6
100,463,882,2341,2341.49,2000,385.758
100,463,883,1909,1909.01,2000,134.921
100,464,463,4308,4873.1,3500,3384.61
100,464,465,3444,4913.89,3500,4545.7
100,464,861,2700,2700.23,3500,537.722
100,464,880,1490,1492.09,3500,1087.89
100,465,464,3444,4260.86,3500,3924.79
100,465,466,3195,3833.8,3500,3760.7
100,465,854,999,1012.46,5000,2737.26
100,465,861,3241,3242.44,5000,1166.45
100,466,457,3099,4068.42,3500,4205.99
100,466,465,3195,3386.7,3500,2783.45
100,466,844,1252,1322.86,2500,1959.4
100,466,854,3544,3560.34,2500,1046.81
100,467,457,1754,2282.63,3500,4167.02
100,467,468,1757,3391.26,3500,5523.1
100,467,828,798,808.094,2500,1347.22
100,467,829,1712,1751.71,2500,1567.73
100,468,467,1757,2456.68,3500,4467.63
100,468,469,1640,3506.8,3500,5809.1
100,468,818,204,471.258,3000,5157.31
100,468,823,2414,2689.04,3000,2800.69
100,469,468,1640,2141.68,3500,4182.54
100,469,470,2475,6678.22,3500,6420.18
100,469,816,444,1414.26,1000,1953.68
100,469,821,2012,2743.47,1000,1247.73
100,470,469,2475,3670.9,3500,4688.95
100,470,471,1751,8687.07,3500,7934.18
100,470,814,2291,2845.44,3000,3381.08
100,470,815,366,636.833,3000,4470.99
100,471,470,1751,3313.57,3500,5466.17
100,471,472,1048,10073.8,5000,13763.5
100,471,812,834,874.272,3000,2259.74
100,471,814,1330,2542,3000,4709.89
100,472,471,1048,1677.15,5000,7072.06
100,472,473,1946,2650.36,5000,6231.76
100,472,474,1903,7240.88,5000,10397.5
100,472,706,2625,8101.4,1000,1931.16
100,472,812,863,2089.5,1000,1754.45
100,473,472,1946,2007.62,5000,3389.15
100,473,537,1992,4063,5000,8112.78
100,473,700,1034,1084.91,3500,2649.25
100,473,705,1472,6992.02,3500,7826.24
100,474,472,1903,2484.33,5000,5973.01
100,474,475,1006,3432.75,5000,10012.8
100,474,705,1848,2486.6,3500,4311.98
100,474,706,1050,1167.24,3500,3250.97
100,475,474,1006,1522.77,5000,6801.77
100,475,476,2228,8588.78,5000,10443.5
100,475,704,1214,2027.1,3500,5087.76
100,475,706,1674,1755.57,3500,2642.36
100,476,475,2228,3929.71,5000,7510.86
100,476,477,1512,5014.97,6500,12885.8
100,476,502,528,1141.26,6500,10842.8
100,476,503,569,763.3,6500,7984.18
100,477,476,1512,2544.37,6500,9494.26
100,477,478,1944,11383.5,6500,15504.4
100,477,632,1142,5297.25,5500,12206
100,477,702,1620,2868.79,5500,8281.01
100,478,477,1944,3835.9,6500,10373.9
100,478,479,790,3719.47,6500,14493.8
100,478,628,1271,5711.76,3000,6590.62
100,478,692,1117,7730.11,3000,7519.46
100,479,478,790,2282.91,6500,12246
100,479,480,843,2214.06,5000,9073.07
100,479,482,1004,3392.72,5000,9978.26
100,479,483,1273,5737.45,5000,10994.7
100,479,485,1220,3562.72,6500,12295.1
100,480,479,843,1872.76,5000,8446.46
100,480,481,325,325,5000,0
100,480,482,996,1334.61,6500,7975.37
100,480,690,1454,3849.74,6500,11833.4
100,481,480,325,325,5000,0
100,482,479,1004,2913.8,5000,9435.41
100,482,480,996,1120.09,6500,6205.31
100,482,538,2003,3055.28,5000,6840.06
100,482,692,299,2090.72,6500,16341.4
100,483,479,1273,4834.52,5000,10390.8
100,483,484,1946,4499.91,5000,8599.29
100,483,626,1183,4885.43,6000,12823.4
100,483,628,2214,2421.12,6000,5331.99
100,484,483,1946,3745.7,5000,7878.82
100,484,488,1588,4967.5,5000,9703.93
100,484,625,1008,4511.03,6500,14260.6
100,484,627,1718,2507.8,6500,8600.3
100,485,479,1220,3221.49,6500,11820.6
100,485,534,174,1829.87,6500,18344.7
100,485,626,1339,7206.35,6500,15111.4
100,485,690,1437,2585.04,6500,9874.51
100,486,487,1583,3619.03,5000,8556.05
100,486,534,2470,5629.23,6500,11107.4
100,486,680,813,5046.92,3000,7282.18
100,486,681,1819,3695.27,3000,4858.07
100,487,404,606,1039.41,5000,7388.44
100,487,486,1583,9079.99,5000,11852.2
100,487,679,1774,10228,2500,5935.33
100,487,681,1681,6457.73,2500,5215.64
100,488,484,1588,4343.97,5000,9221.54
100,488,489,637,1943.66,6500,12499.6
100,488,629,1612,4444.96,3500,6475.36
100,488,630,2562,2803.74,3500,3117
100,489,488,637,1227.38,6500,10248
100,489,490,1561,6992.59,6500,14265
100,489,556,2171,3809.9,5000,7488.94
100,489,630,2315,3160.08,5000,6245.01
100,490,489,1561,2614.84,6500,9467.46
100,490,491,1696,4743.99,6500,12093.1
100,490,557,1915,4094.98,6500,10788.5
100,490,558,359,868.254,6500,11398.6
100,491,490,1696,2573.33,6500,8857.77
100,491,492,822,1161.78,6500,8374.73
100,491,560,1844,3635.55,9000,14357.8
100,491,561,294,1253.79,9000,19439.1
100,492,491,822,1030.19,6500,7409.47
100,492,493,1349,3900.62,6500,12248.7
100,492,496,1165,2946.66,6500,11614.9
100,492,561,758,1029.95,14500,18032.3
100,492,563,821,2753.31,14500,28858.8
100,493,492,1349,4539.42,6500,12952.4
100,493,494,1685,4286.48,9000,16120.4
100,493,560,600,729.858,10000,10959.9
100,493,562,1404,4801.04,10000,20040.6
100,494,493,1685,6898.74,9000,19180.4
100,494,495,1545,4426.99,9000,16900.9
100,494,550,2827,3863.53,7000,8752.65
100,494,559,564,815.656,7000,9193
100,495,435,613,2569.2,9000,19328.9
100,495,494,1545,6235.5,9000,19089.4
100,495,552,781,1514.75,6000,9491.89
100,495,555,2192,5790.06,6000,10912.8
100,496,492,1165,9609.02,6500,17137.5
100,496,497,394,996.554,6500,11614.9
100,497,496,394,3249.75,6500,17137.5
100,497,498,801,940.438,5000,5189.61
100,497,532,961,2104.18,6500,10907.8
100,498,497,801,1004.64,5000,5705.02
100,498,499,1696,2926.78,5000,7415.42
100,498,566,940,5036.22,12500,29020.2
100,498,568,1382,1858.56,12500,15391.8
100,499,498,1696,4350.37,5000,8986.3
100,499,500,2178,4450.63,5000,8120.16
100,499,565,1091,6418.08,4500,10748.7
100,499,569,810,2326.22,4500,8457.83
100,500,499,2178,9308.67,5000,10807.3
100,500,501,2102,3470.1,5000,7216.37
100,500,570,1481,2838.08,5500,8646.73
100,500,635,372,1868.68,5500,12516.6
100,501,500,2102,8245.86,5000,10505.1
100,501,502,2324,2964.73,6500,7568.32
100,501,631,1002,7496.77,1500,3845.85
100,501,633,2356,4994.35,1500,2479.46
100,502,476,528,726.304,6500,8176.45
100,502,501,2324,4855.02,6500,10669.8
100,502,503,312,356.375,7000,6907.51
100,502,632,2104,7191.62,7000,14026.3
100,503,476,569,1297.33,6500,11109.5
100,503,502,312,1029.88,7000,13853.2
100,503,504,2102,4034.44,6500,10227.3
100,503,634,269,396.02,7000,9324.07
100,504,503,2102,12290.2,6500,15497.3
100,504,505,1454,2534.18,6500,9696.69
100,504,633,888,3058.91,6000,12055.5
100,504,638,1441,1939.53,6000,7394.11
100,505,504,1454,6442.78,6500,14215
100,505,506,2357,2992.05,5000,5788.4
100,505,638,1086,1119.39,5000,3364.27
100,505,643,1554,2825.74,5000,7641.59
100,506,505,2357,5605.04,5000,8704.87
100,506,507,4711,6098.62,5000,5918.84
100,506,577,4819,6226.82,1500,1772.01
100,506,645,930,2303.42,1500,2657.04
100,507,449,2291,2335.77,5000,3003.99
100,507,506,4711,11140.3,5000,8683.81
100,507,508,1442,3474.46,5000,8754.1
100,508,507,1442,3738.42,5000,9025.45
100,508,509,1946,3769.74,5000,7905.01
100,508,658,354,654.883,5000,7714.29
100,508,666,3055,3076.96,5000,2339.45
100,509,508,1946,3742.28,5000,7875.08
100,509,510,179,476.897,5000,9125.37
100,509,657,222,586.273,4000,7274.54
100,509,665,2427,2574.94,4000,3193.68
100,510,509,179,357.873,5000,8032.86
100,510,511,1321,2559.65,5000,7906.03
100,510,520,1867,2011.52,5000,4237.84
100,510,521,2813,4447.89,5000,7014.99
100,511,510,1321,3135.12,5000,8697.37
100,511,512,2232,5647.01,5000,8935.55
100,511,660,348,988.857,2000,3743.71
100,511,669,4505,4522.26,2000,799.522
100,512,511,2232,7000.25,5000,9713.22
100,512,513,3181,4877.19,5000,6865.54
100,512,901,2166,4121.35,3500,5481.97
100,512,904,5511,5736.9,3500,2530.56
100,513,512,3181,6560.66,5000,8156.89
100,513,514,2652,3098.16,5000,5145.48
100,513,902,1563,2817.2,3000,4562.47
100,513,904,6710,6966.13,3000,2130.75
100,514,513,2652,3417.13,5000,5888.28
100,514,515,3481,3484.54,5000,1434.49
100,514,533,963,2094.1,3500,5854.83
100,514,543,173,173.036,3500,674.363
100,514,931,3559,3559,5000,50
100,515,514,3481,3490.51,5000,1836.96
100,515,516,3635,3715.31,3500,2168.24
100,515,902,5358,6137.6,6000,5954.51
100,515,905,968,984.372,6000,3476.82
100,516,515,3635,4116.34,3500,3392.6
100,516,517,3968,3968.02,3500,265.102
100,516,907,1535,1813.24,2500,2621.17
100,516,908,2631,2631.23,2500,388
100,517,516,3968,3971.63,3500,978.191
100,517,910,3137,3137.03,3500,325.035
100,517,911,980,980.002,3500,222
100,517,929,5598,5598,3500,0
100,518,519,449,449,5000,0
100,518,520,1633,1695.25,5000,3550.1
100,518,667,381,1012.66,2000,3646.67
100,518,669,1879,2044.3,2000,1750.24
100,519,518,449,449,5000,0
100,520,510,1867,2905.6,5000,6938.62
100,520,518,1633,1638.31,5000,1918.62
100,520,665,330,492.574,1500,2019.31
100,520,669,2359,2884.57,1500,1655.94
100,521,510,2813,2836.55,5000,2430.37
100,521,522,4407,6968.32,5000,7014.99
100,522,521,4407,4443.9,5000,2430.37
100,522,529,1350,8671.27,5000,12260.6
100,522,544,72,155.551,5000,8338.78
100,523,524,1939,2759.71,5000,6480.37
100,523,544,2657,5456.36,5000,8139.8
100,523,577,2791,3635.53,5500,6554.71
100,523,646,948,960.988,5500,3023.57
100,524,451,1388,2037.31,5000,6644.5
100,524,523,1939,5804.64,5000,9546.8
100,524,651,1545,1961.35,5000,5788.68
100,524,656,1508,1828.29,5000,5454.21
100,525,526,3617,4735.74,3500,4194.12
100,525,527,5928,18012.3,5000,9600.09
100,525,540,263,361.511,3500,4399.74
100,525,545,1934,2051.12,3500,2789.92
100,526,525,3617,6873.16,3500,5478.16
100,526,541,390,395.534,3500,1941.04
100,526,542,2384,3965.06,3500,5075.23
100,526,545,2542,3956.65,3500,4857.51
100,527,525,5928,9191.92,5000,6920.78
100,527,528,860,965.535,6500,6181.81
100,527,572,3380,7820.69,4000,6881.3
100,527,574,527,1376.37,4000,7242.01
100,528,527,860,926.712,6500,5512.1
100,528,529,1234,1355.94,6500,5855.97
100,528,530,732,7271.89,6500,18057.4
100,529,522,1350,1994.48,5000,6678.3
100,529,528,1234,3551.52,6500,12226.9
100,529,574,1637,5809.7,5000,10151.7
100,529,576,1693,2162.18,5000,5829.33
100,530,528,732,1638.06,6500,11016.7
100,530,531,991,6168.3,6500,15790.6
100,530,572,2054,2072.39,3500,1729.92
100,530,573,1761,6691.71,3500,7275
100,531,530,991,1369.5,6500,8210.86
100,531,532,907,4170.99,6500,14385.5
100,531,568,1757,5900.8,5000,9956.44
100,531,573,1338,2146.11,5000,7082.74
100,532,497,961,6141.66,6500,15915
100,532,531,907,1322.43,6500,8592.4
100,532,567,757,1483.4,5000,7951.82
100,532,568,1767,1841.34,5000,3638.73
100,533,514,963,2341.42,3500,6151.55
100,533,542,1992,3844,3500,5522.47
100,533,932,3574,54210.6,3500,10936
100,534,437,4891,16714.1,6500,13023.4
100,534,485,174,2145.12,6500,19161.6
100,534,486,2470,3339.59,6500,8045.35
100,535,437,1267,9431.88,5000,12800.9
100,535,536,1941,3356.93,5000,7425.08
100,535,614,912,3074.38,2000,3987.88
100,536,398,2561,3347.65,5000,5981.23
100,536,535,1941,6907.89,5000,10161.6
100,536,607,1975,2338.49,5500,5788.56
100,536,609,487,5034.47,5500,15449
100,537,408,887,7762.29,5000,13405.7
100,537,473,1992,2164.16,5000,4356.18
100,537,698,269,624.912,8000,13786.8
100,537,703,2506,6473.72,8000,14419.7
100,538,408,1721,2714.46,5000,7003.09
100,538,482,2003,10317.4,5000,11467.9
100,538,693,372,3037.96,5000,13145.4
100,538,703,2955,3121.5,5000,3914.35
100,539,437,1003,1005.03,3500,1193.04
100,539,582,336,14778.6,3000,14710
100,539,621,1049,1321.93,3000,3442.86
100,540,525,263,313.747,3500,3727.42
100,540,581,3445,10061.1,2500,4729.02
100,540,901,4857,6841.7,2500,3211.8
100,541,526,390,483.518,3500,3935.53
100,541,901,2510,3348.4,10500,12826.6
100,541,902,3698,4042.49,10500,9321.15
100,542,526,2384,6463.52,3500,6432.37
100,542,533,1992,3319.3,3500,5081.18
100,542,902,834,834,3500,10.729
100,543,514,173,173.048,3500,723.968
100,543,902,3224,3792.85,5000,5207.11
100,543,903,1946,2083.9,5000,4145.25
100,544,522,72,203.3,5000,9336.41
100,544,523,2657,3346.4,5000,5734.11
100,544,576,2170,4646.19,4000,6643.06
100,544,579,902,1644.27,4000,6121.77
100,545,525,1934,3010.29,3500,4857.51
100,545,526,2542,2695.94,3500,2789.92
100,546,0,1249,1249.1,49500,7496
100,546,547,1938,2684.77,3000,3798.01
100,546,548,2937,9489.95,4500,8837.37
100,546,620,1731,3080.32,5500,8304.14
100,547,1,1249,1249.37,49500,10408
100,547,546,1938,2228.53,3000,2999.56
100,547,549,3512,7495.28,7000,11607.7
100,547,551,2713,5144.69,3000,4690.43
100,547,617,2095,3816.46,7500,11474.1
100,548,2,1249,1251.11,49500,16126
100,548,546,2937,6335.86,4500,7499.76
100,548,549,1982,2604.03,5000,6013.47
100,548,550,2538,3666.36,15500,20337.5
100,549,3,1249,1251.27,49500,16420
100,549,547,3512,6373.29,7000,10686.3
100,549,548,1982,3334.09,5000,7301.67
100,549,550,3118,6914.98,7000,11815.9
100,549,551,4615,9805.77,2000,3309.57
100,549,552,2377,4391.13,3500,5395.85
100,549,559,3229,6837.33,3500,5782.36
100,550,4,1249,1278.58,49500,31202
100,550,494,2827,3283.54,7000,7130.38
100,550,548,2538,2744.86,15500,13307.7
100,550,549,3118,4842.05,7000,9699.38
100,550,562,1838,8029.66,20000,43538.4
100,551,5,1249,1250.28,49500,14236
100,551,434,534,1481.08,4500,8344.52
100,551,547,2713,3528.98,3000,3569.9
100,551,549,4615,10036.3,2000,3345.72
100,551,552,2726,5466.12,8500,13675.9
100,551,617,2604,4661.4,5000,7574.72
100,551,618,2885,3670.94,9500,11028.4
100,552,6,1249,1251.94,49500,17520
100,552,495,781,1690.23,6000,10014.6
100,552,549,2377,4739.99,3500,5615.69
100,552,551,2726,5799.5,8500,14074.2
100,552,559,2363,6661.2,7500,13995.7
100,553,7,1249,1250.72,49500,15314
100,553,434,2372,6504.48,4500,8307.37
100,553,436,373,1605.88,4000,8666.42
100,553,613,3021,7112.73,3500,6067.14
100,553,618,3003,10451.2,2500,5041.28
100,553,621,3488,9472.6,2000,3678.09
100,553,624,2016,3945.02,7000,11124.7
100,554,8,1249,1250.04,49500,13522
100,554,555,3858,4875.69,7500,8636.79
100,554,621,2930,7327.14,4500,8003.23
100,554,623,1610,12055.9,5500,14104.9
100,554,624,941,1134.81,13500,14613.6
100,555,9,1249,1255.71,49500,21534
100,555,436,4277,6670.51,4000,5559.19
100,555,495,2192,7866.17,6000,12229.1
100,555,554,3858,7376.1,7500,11776.7
100,555,556,3537,11993.5,6500,12987.6
100,555,559,3390,12573.5,4500,9276.66
100,555,623,5579,19227.4,1000,2009.59
100,556,10,1249,1251.58,49500,16952
100,556,489,2171,3527.95,5000,7143.7
100,556,555,3537,11825.5,6500,12922.6
100,556,557,2402,10612.8,5000,10924.5
100,556,558,3397,9724.95,5500,10324.8
100,556,623,5604,12826.3,2000,3424.15
100,556,629,2261,3470.47,8500,11680.7
100,557,11,1249,1250,49500,13374
100,557,490,1915,3922.31,6500,10568.2
100,557,556,2402,5867.06,5000,8805.05
100,557,559,2399,8251.53,4000,8032.77
100,557,560,2538,4076.76,10000,14179
100,558,12,1249,1255.36,49500,21244
100,558,490,359,667.565,6500,10056.7
100,558,556,3397,5545.07,5500,7880.94
100,558,561,3392,5321.3,12000,16745.4
100,558,565,2754,3444.07,7500,8526.5
100,558,630,3639,4915.1,5000,6182.63
100,559,13,1249,1262.73,49500,25756
100,559,494,564,1221.3,7000,11686.8
100,559,549,3229,5591.93,3500,5201.65
100,559,552,2363,5126.5,7500,12532.5
100,559,555,3390,9242.51,4500,8288.49
100,559,557,2399,9803.99,4000,8519.43
100,559,560,2638,7127.83,11000,20188.7
100,560,14,1249,1253.83,49500,19838
100,560,491,1844,4510.43,9000,15858.5
100,560,493,600,1159.06,10000,15787.2
100,560,557,2538,2986.57,10000,10418.7
100,560,559,2638,4408.84,11000,15999.1
100,561,15,1249,1379.32,49500,45206
100,561,491,294,699.096,9000,15668.3
100,561,492,758,1102.65,14500,19132.6
100,561,558,3392,3425.61,12000,6083.52
100,561,562,3358,7943.94,500,868.529
100,561,566,1934,2597.99,12000,14760
100,562,16,1249,1376.33,49500,44944
100,562,493,1404,1979.45,10000,12857
100,562,550,1838,3083.14,20000,29155.8
100,562,561,3358,5517.8,500,719.5
100,562,563,1286,2517.05,24000,38145.8
100,563,17,1249,1301.83,49500,36072
100,563,492,821,1319.49,14500,20567.1
100,563,562,1286,3243.71,24000,42836.6
100,563,564,1303,3160.4,14000,24580.8
100,564,18,1249,1249.4,49500,10612
100,564,563,1303,12050.5,14000,38123.8
100,564,567,1253,1633.92,12000,14317.9
100,564,568,3913,4844.1,6500,7294.77
100,565,19,1249,1250.45,49500,14690
100,565,499,1091,2078.2,4500,7052.37
100,565,558,2754,7269.17,7500,13636.9
100,565,566,3282,4441.99,5000,6194.78
100,565,630,4406,8495.82,2000,3154.44
100,566,20,1249,1249.36,49500,10372
100,566,498,940,1485.54,12500,17531.2
100,566,561,1934,8168.01,12000,25836.6
100,566,565,3282,4282.01,5000,5969.17
100,567,21,1249,1249.33,49500,10110
100,567,532,757,2001.57,5000,9097.63
100,567,564,1253,7546.98,12000,28867
100,567,573,1863,1978.12,17500,14019.9
100,568,22,1249,1278.57,49500,31200
100,568,498,1382,5159,12500,25825.4
100,568,531,1757,2601.17,5000,6689.02
100,568,532,1767,1770.6,5000,1706.92
100,568,564,3913,9432.8,6500,11382.7
100,568,569,3326,3435.01,9000,6153.27
100,568,571,4787,6676.21,3500,4457.58
100,568,572,3052,3302.47,6000,5160.23
100,569,23,1249,1250.27,49500,14198
100,569,499,810,5208.25,4500,11038
100,569,568,3326,4283.48,9000,10593.1
100,569,570,3903,4982.79,3000,3496.1
100,569,571,3159,3322.63,5500,4216.14
100,570,24,1249,1250.13,49500,13802
100,570,500,1481,5221.76,5500,11141.4
100,570,569,3903,9524.21,3000,5280.88
100,570,571,3441,5636.11,6000,8616.31
100,570,630,4053,15593.4,2000,4174.64
100,570,631,4673,11396.5,2500,4399.64
100,570,633,3769,5337.86,2000,2581.35
100,570,636,2699,4735.82,3500,5241.83
100,571,25,1249,1262.18,49500,25492
100,571,568,4787,14880.8,3500,6777.09
100,571,569,3159,11558.2,5500,11285.3
100,571,570,3441,9886.16,6000,11278.9
100,571,572,2935,4563.84,6500,9014.84
100,571,575,2507,2765.05,8500,7736.33
100,571,636,3893,7131.04,2500,3836.34
100,572,26,1249,1249.9,49500,13038
100,572,527,3380,4839.12,4000,5209.92
100,572,530,2054,3350.8,3500,5013.18
100,572,568,3052,13871.5,6000,13229.2
100,572,571,2935,6760.05,6500,11159.6
100,572,576,2935,3143.3,6500,5390.88
100,573,27,1249,1255.32,49500,21218
100,573,530,1761,2502.77,3500,4530.77
100,573,531,1338,3064.99,5000,8563.58
100,573,567,1863,5291.85,17500,32752.9
100,573,574,2928,3124.48,16000,13085.3
100,574,28,1249,1264.98,49500,26752
100,574,527,527,1228.48,4000,6903.79
100,574,529,1637,2406.14,5000,6651.75
100,574,573,2928,11914.1,16000,34028.8
100,574,579,3650,3785.96,4000,2823.68
100,574,580,2492,2518.89,15000,7768.41
100,575,29,1249,1249.24,49500,9348
100,575,571,2507,7173.15,8500,15953.2
100,575,576,3821,5655.57,2000,2675.14
100,575,577,3835,5548.91,2000,2627.62
100,575,636,3493,4415.91,4000,4608.16
100,575,642,2134,3229.19,3000,4080.11
100,576,30,1249,1249.24,49500,9356
100,576,529,1693,5951.41,5000,10118
100,576,544,2170,2653.59,4000,4416.13
100,576,572,2935,13582.3,6500,14414.5
100,576,575,3821,13452,2000,4049.31
100,576,577,2799,3193.49,8000,7876.37
100,577,31,1249,1249.37,49500,10466
100,577,506,4819,6127.53,1500,1739.9
100,577,523,2791,2813,5500,2633.19
100,577,575,3835,15873.9,2000,4277.73
100,577,576,2799,6355.27,8000,13647.9
100,577,578,4338,5108.63,2000,2086.39
100,577,579,3842,6078.08,2500,3508.73
100,577,642,2277,3270.45,12000,15671.3
100,577,644,3509,3689.98,6000,4594.52
100,578,32,1249,1249.08,49500,7076
100,578,577,4338,6746.51,2000,2774.1
100,578,579,2560,3478.41,7500,9326.89
100,578,581,3047,8829.71,1500,2829
100,578,646,2118,2652.57,5500,6264.1
100,578,655,3967,4828.83,3000,3291.08
100,579,33,1249,1249.34,49500,10226
100,579,544,902,2128.47,4000,6940.64
100,579,574,3650,14210.9,4000,8382.8
100,579,577,3842,5304.51,2500,3155.39
100,579,578,2560,2613.88,7500,4590.25
100,579,580,5881,11572,1000,1593.72
100,579,581,3893,5503.76,3500,4510.57
100,580,34,1249,1249.16,49500,8428
100,580,574,2492,3046.3,15000,16552.7
100,580,579,5881,6548.47,1000,932.66
100,580,581,4083,4159.39,7500,4457.16
100,581,35,1249,1249.74,49500,12430
100,581,540,3445,4966.96,2500,3275.07
100,581,578,3047,6052.03,1500,2401.94
100,581,579,3893,4416.48,3500,3405.64
100,581,580,4083,6335.57,7500,10386.4
100,581,659,3521,4445.16,3500,4025.46
100,582,36,1249,1250.46,49500,14710
100,582,539,336,366.593,3000,2648
100,583,37,1249,1249.02,49500,5224
100,583,393,2973,6941.45,500,863.582
100,583,394,2338,5639.44,3500,6130.7
100,583,585,3710,11199.3,4000,7661.32
100,583,587,3615,14833.6,2500,5331.81
100,583,604,4826,8567.91,1500,2261.75
100,583,709,3454,5673.5,1000,1438.67
100,583,711,4470,5592.45,2000,2274.95
100,583,767,6076,6134.18,5000,2513.2
100,583,807,6373,8268.27,500,593.306
100,584,38,1249,1249.26,49500,9512
100,584,400,1017,5439.95,6000,13922.8
100,584,585,2420,2590.43,3000,2483.33
100,584,586,2781,3892.09,6000,7665.06
100,584,770,2325,2704.17,3000,3063.38
100,585,39,1249,1249,49500,2454
100,585,583,3710,3998.15,4000,3393.11
100,585,584,2420,5498.93,3000,5119.7
100,585,587,2651,3917.77,5500,7347.88
100,585,771,2308,3048.49,3000,3628.01
100,586,40,1249,1257.46,49500,22816
100,586,399,527,12345.2,500,1817.14
100,586,584,2781,2812.02,6000,3133.21
100,586,587,2839,2839.57,6000,1145.88
100,586,591,3197,9361.01,6500,12307.5
100,586,603,2464,8493.68,3500,7034.1
100,587,41,1249,1249,49500,3106
100,587,396,1811,7051.3,3000,6287.21
100,587,583,3615,4527.66,2500,2847.52
100,587,585,2651,2654.18,5500,1644.22
100,587,586,2839,4891.71,6000,8890.36
100,588,42,1249,1249.99,49500,13362
100,588,589,2706,3570.61,4500,5436.42
100,588,590,2215,5781.51,5500,9955.37
100,588,593,2495,21841.4,1500,4022.08
100,588,774,2964,3160.35,2500,2038
100,589,43,1249,1250.3,49500,14282
100,589,400,1090,2506.1,6000,10293.1
100,589,588,2706,8686.92,4500,8816.57
100,589,591,2561,3756.26,10000,13281.3
100,589,775,2861,3132.91,7500,6691.38
100,590,44,1249,1249.48,49500,11116
100,590,440,1902,9770.37,6000,13749.8
100,590,588,2215,2979.52,5500,6773.97
100,590,591,2763,3897.56,5500,7074.6
100,590,607,3154,7585.51,3500,6123.05
100,590,612,2258,10166.6,5000,10991.1
100,591,45,1249,1250.1,49500,13712
100,591,586,3197,4244.49,6500,7902.11
100,591,589,2561,2680.16,10000,7462.9
100,591,590,2763,10842.7,5500,11557
100,591,607,2623,12652.7,4000,8987.93
100,591,608,3020,9672.39,2500,4893.95
100,592,46,1249,1249.38,49500,10524
100,592,428,1449,1449.29,6500,1243.67
100,592,430,760,1213.16,4000,5648.03
100,592,593,2736,3059.78,6500,6125.98
100,592,594,2532,5706.31,3500,5951.02
100,593,47,1249,1250.23,49500,14100
100,593,426,863,898.585,7000,5068.61
100,593,588,2495,11388.2,1500,3311.81
100,593,592,2736,3905.37,6500,8444.99
100,593,595,2781,8661.47,3000,5813.01
100,594,48,1249,1249.12,49500,7898
100,594,431,1892,3670.27,4500,7119.65
100,594,592,2532,3119.88,3500,3903.93
100,594,595,2443,6104.63,3500,6222.76
100,594,611,4208,9232.3,1500,2519.52
100,594,616,2817,10880.4,2000,4180.13
100,595,49,1249,1249.48,49500,11122
100,595,440,431,1854.19,6000,12996.5
100,595,593,2781,8088.06,3000,5665.81
100,595,594,2443,9078.32,3500,7219.88
100,595,611,2524,9876.33,3000,6297.71
100,595,612,3671,13268.7,500,1021.63
100,596,50,1249,1249,49500,2244
100,596,430,1737,2235.65,4000,4704.74
100,596,598,2709,7021.05,3500,6317.04
100,596,777,6306,6306,500,0.00219855
100,597,51,1249,1249.03,49500,5584
100,597,598,2572,2635.25,6500,4136.05
100,597,615,2723,3476.36,2500,2913.44
100,597,619,2393,4733.91,3500,5593.14
100,598,52,1249,1249.11,49500,7782
100,598,431,802,1263.47,4500,6297.69
100,598,596,2709,3228.92,3500,3722.43
100,598,597,2572,3200.09,6500,7342.24
100,598,615,3517,6469.41,3000,4614.23
100,598,616,2724,7875.32,1500,2826.48
100,599,53,1249,1249,49500,1732
100,599,394,815,3525.89,3500,7595.1
100,599,600,2238,2442.59,1500,1325.33
100,599,601,1999,2776.31,6000,7613.32
100,599,604,2186,2804.05,5000,5858.56
100,600,54,1249,1249,49500,2802
100,600,393,1051,5444.81,500,1148.83
100,600,599,2238,6580.77,1500,2844.76
100,600,602,2337,5645.46,1500,2629.12
100,600,715,3084,3652.49,3000,3158.65
100,601,55,1249,1249.02,49500,4858
100,601,599,1999,3761.93,6000,9342.95
100,601,602,2295,2864.94,4000,4537.31
100,601,606,2728,4212.67,3000,4140.42
100,601,670,2818,11170.8,3500,7379.36
100,602,56,1249,1249,49500,3286
100,602,600,2337,3312.17,1500,1937.2
100,602,601,2295,3290.91,4000,5216.71
100,602,671,2266,9263.76,2000,4260.22
100,602,717,2407,4210.54,1000,1494.99
100,603,57,1249,1254.27,49500,20276
100,603,396,771,790.185,3000,1914.6
100,603,398,2009,8157.4,7000,14877.2
100,603,586,2464,5136.95,3500,5739.61
100,603,604,2445,2756.69,3500,3360.52
100,603,605,2229,3597.08,3500,4977.89
100,604,58,1249,1249.12,49500,7890
100,604,583,4826,8121.09,1500,2190.98
100,604,599,2186,2276.28,5000,3621.89
100,604,603,2445,20091,3500,9218.01
100,604,606,3293,4305.89,2000,2393.32
100,605,59,1249,1249.1,49500,7472
100,605,402,1700,17728.6,1500,4223.57
100,605,603,2229,12738.7,3500,8287.35
100,605,606,2445,3211.22,3500,4207.89
100,605,674,3838,13251.2,3500,7038.06
100,606,60,1249,1249.08,49500,7042
100,606,601,2728,3221.28,3000,3143.48
100,606,604,3293,5778.26,2000,2995.38
100,606,605,2445,13126.9,3500,8130.87
100,606,675,4097,20163.2,500,1130.6
100,607,61,1249,1249.1,49500,7604
100,607,536,1975,7851.77,5500,11607.3
100,607,590,3154,6404.35,3500,5666.46
100,607,591,2623,3848.37,4000,5313.79
100,607,608,2666,3467.59,6500,7734.17
100,607,612,2596,8732.27,4500,8965.81
100,608,62,1249,1249.74,49500,12414
100,608,398,527,648.275,7000,7790.5
100,608,399,4036,4036,500,0.0064558
100,608,591,3020,3982.9,2500,3018.64
100,608,607,2666,5913.19,6500,10972.4
100,608,610,2301,8660.12,3000,6215.39
100,609,63,1249,1284.49,49500,32656
100,609,536,487,666.668,5500,6887.72
100,609,610,2241,2639.73,6500,6783.44
100,609,614,2499,5123.17,8500,13826.2
100,609,678,2850,7694.75,6500,11926.1
100,610,64,1249,1249.08,49500,7138
100,610,402,1242,1301.15,1500,1125.98
100,610,608,2301,3169.21,3000,3778.12
100,610,609,2241,7322.32,6500,12816.6
100,610,679,2610,6829.41,4500,8153.47
100,611,65,1249,1249.24,49500,9336
100,611,439,1594,6164.13,2000,4181.84
100,611,594,4208,8057.37,1500,2357.2
100,611,595,2524,6097.95,3000,5258.52
100,611,613,2582,6629.85,5500,9889.11
100,611,616,2651,9977.37,5000,10359
100,612,66,1249,1249.36,49500,10330
100,612,439,1136,6250.49,2000,4681.27
100,612,590,2258,2584.6,5000,4954.72
100,612,595,3671,12543.3,500,1001.75
100,612,607,2596,2773.9,4500,3699.62
100,612,614,2154,5273.38,10000,17627.2
100,613,67,1249,1249.88,49500,12948
100,613,438,1632,5113.44,6000,11651.7
100,613,553,3021,7793.22,3500,6305.04
100,613,611,2582,3647.35,5500,7083.11
100,613,618,3421,11213.7,3500,6909.22
100,613,621,3661,8834.19,4000,7007.72
100,614,68,1249,1254.06,49500,20064
100,614,438,1153,5786.82,6000,13650.7
100,614,535,912,2563.69,2000,3728.12
100,614,609,2499,5246.83,8500,13986.3
100,614,612,2154,2341.43,10000,8727.18
100,614,621,3041,16784.4,4000,9371.45
100,615,69,1249,1249.15,49500,8362
100,615,432,2053,2176.57,9500,7560.97
100,615,597,2723,3025.48,2500,2319.16
100,615,598,3517,4015.2,3000,2957.38
100,615,617,1893,4047.56,6500,10788
100,615,619,2284,2364.41,5500,3828.19
100,616,70,1249,1249.39,49500,10540
100,616,432,904,905.083,9500,2839.89
100,616,594,2817,5677.49,2000,3226.05
100,616,598,2724,4208,1500,2070.74
100,616,611,2651,5606.16,5000,8255.44
100,616,618,2012,3800.31,10500,16382.1
100,617,71,1249,1253.21,49500,19162
100,617,433,2482,2705.74,9000,7924.23
100,617,547,2095,2854.57,7500,9351.55
100,617,551,2604,4656.05,5000,7569.8
100,617,615,1893,3140.54,6500,9410.59
100,617,620,2325,2382.97,3500,2234.81
100,618,72,1249,1260.39,49500,24580
100,618,433,388,518.193,9000,11006.7
100,618,551,2885,3457.19,9500,10187.1
100,618,553,3003,8682.35,2500,4710.89
100,618,613,3421,9018.72,3500,6360.77
100,618,616,2012,2616.8,10500,12492.9
100,619,73,1249,1249.12,49500,7820
100,619,597,2393,3135.36,3500,4197.23
100,619,615,2284,2315.36,5500,3025.16
100,619,620,1563,4111.7,3000,5447.39
100,620,74,1249,1249.01,49500,3946
100,620,546,1731,2697.85,5500,7640.2
100,620,617,2325,3352.69,3500,4585.7
100,620,619,1563,4181.75,3000,5484.44
100,621,75,1249,1252.52,49500,18326
100,621,539,1049,7479.21,3000,7585.09
100,621,553,3488,4793.77,2000,2513.8
100,621,554,2930,4247.56,4500,5921.28
100,621,613,3661,4012.95,4000,3578.97
100,621,614,3041,10526.9,4000,8050.88
100,621,622,3017,12268.3,3500,7442.21
100,621,624,2887,3220.85,2500,2342.57
100,622,76,1249,1256.67,49500,22264
100,622,621,3017,14197.5,3500,7803.09
100,622,623,3790,4305.47,6500,6342.82
100,622,626,2897,3512.53,5500,6000.18
100,622,680,2605,6924.03,4000,7293.43
100,623,77,1249,1253.37,49500,19342
100,623,554,1610,10541.2,5500,13563.2
100,623,555,5579,15078.5,1000,1835.54
100,623,556,5604,9101.3,2000,2856.38
100,623,622,3790,4727.26,6500,7365.4
100,623,625,2641,3329.51,9500,10907.8
100,624,78,1249,1249.17,49500,8618
100,624,553,2016,3019.2,7000,9447.13
100,624,554,941,1096.89,13500,13839.4
100,624,621,2887,6305.09,2500,4190.36
100,625,79,1249,1255.25,49500,21154
100,625,484,1008,2253.86,6500,11012.7
100,625,623,2641,5795.75,9500,15958.8
100,625,626,3047,4112.5,13000,16063.5
100,625,629,2613,3631,11000,13964.4
100,626,80,1249,1255.39,49500,21276
100,626,483,1183,1920.53,6000,8566.96
100,626,485,1339,3581.05,6500,11881.1
100,626,622,2897,6428.37,5500,9286.21
100,626,625,3047,4119.09,13000,16088.3
100,627,81,1249,1250.1,49500,13690
100,627,484,1718,4341.05,6500,11610.1
100,627,628,2869,3660.33,6000,6986.92
100,627,630,3919,5262.05,6500,7991.35
100,627,631,2991,3854.09,5000,5888.54
100,628,82,1249,1249.19,49500,8786
100,628,478,1271,5496.73,3000,6509.35
100,628,483,2214,4487.31,6000,9705.07
100,628,627,2869,4547.65,6000,8432.1
100,628,632,2927,3506.52,6000,6431.18
100,629,83,1249,1249.58,49500,11690
100,629,488,1612,3538.45,3500,5880.22
100,629,556,2261,3557.55,8500,11885.5
100,629,625,2613,4320.87,11000,15892.7
100,630,84,1249,1256.86,49500,22402
100,630,488,2562,4873.84,3500,5481.38
100,630,489,2315,6185.95,5000,9136.17
100,630,558,3639,12485.9,5000,10032.3
100,630,565,4406,12198.9,2000,3706.13
100,630,570,4053,7859.5,2000,3163.69
100,630,627,3919,4956.5,6500,7491.94
100,630,635,2601,4308.93,6500,9402.06
100,631,85,1249,1249.55,49500,11538
100,631,501,1002,2910.34,1500,2831.49
100,631,570,4673,9157.18,2500,3975.93
100,631,627,2991,9490.21,5000,9754.57
100,631,632,2738,3293.35,8000,8626.83
100,631,635,2485,5926.98,2500,4358.01
100,632,86,1249,1249.67,49500,12096
100,632,477,1142,2888.08,5500,9827.41
100,632,502,2104,2523.39,7000,7515.69
100,632,628,2927,9914.8,6000,11984.2
100,632,631,2738,4958.55,8000,12199
100,633,87,1249,1249.25,49500,9448
100,633,501,2356,15173.4,1500,3681.07
100,633,504,888,1116.48,6000,6866.53
100,633,570,3769,17179.9,2000,4413.83
100,633,634,2326,9875.27,3500,7548.65
100,633,636,3262,6106.99,4500,6987.78
100,634,88,1249,1249.02,49500,4732
100,634,503,269,937.956,7000,14124.9
100,634,633,2326,5349.54,3500,6005.12
100,634,639,2177,4541,1000,1640.3
100,634,704,2532,4943.13,5500,8730.3
100,635,89,1249,1249.02,49500,4842
100,635,500,372,852.216,5500,9420.27
100,635,630,2601,8832.99,6500,12994.6
100,635,631,2485,4461.79,2500,3793.81
100,636,90,1249,1251.58,49500,16960
100,636,570,2699,13244.1,3500,7906.92
100,636,571,3893,11657.7,2500,4773.95
100,636,575,3493,4582.65,4000,4803.52
100,636,633,3262,5156.54,4500,6312.4
100,636,643,2681,3283.45,5000,5531.63
100,637,91,1249,1249,49500,2892
100,637,639,3968,11454.4,1500,2824.84
100,637,641,3281,7915.17,3000,5255.21
100,637,706,2472,18354.8,2500,6395.68
100,637,814,3439,6947.15,2000,3229.75
100,637,824,2170,2737.7,1000,1149.19
100,637,825,2897,3403.01,1500,1558.19
100,638,92,1249,1249.25,49500,9418
100,638,504,1441,6714.53,6000,13334.8
100,638,505,1086,1136.65,5000,3733.66
100,638,639,2096,2220.47,3000,2379.65
100,638,640,2850,2878.14,8500,4305.52
100,639,93,1249,1249,49500,1130
100,639,634,2177,19734.8,1000,2707.89
100,639,637,3968,5990,1500,2036.44
100,639,638,2096,2490.73,3000,3175.6
100,639,641,2653,2840.7,2000,1657.45
100,640,94,1249,1249.03,49500,5420
100,640,638,2850,3717.05,8500,10143.7
100,640,641,2130,2184.8,6500,4183
100,640,645,2326,2907.97,7000,7955.15
100,640,647,2793,5805.65,500,818.779
100,641,95,1249,1249,49500,1336
100,641,637,3281,5276.22,3000,4256.91
100,641,639,2653,3756,2000,2580.57
100,641,640,2130,2479.74,6500,6648.62
100,641,648,2563,2996.67,2000,2061.15
100,642,96,1249,1250.51,49500,14828
100,642,575,2134,13012.2,3000,7243.34
100,642,577,2277,2407.99,12000,9443.34
100,642,643,2956,4492.17,8000,10914.4
100,643,97,1249,1250.34,49500,14384
100,643,505,1554,3866.89,5000,8874.07
100,643,636,2681,12464.1,5000,11104.3
100,643,642,2956,3915.82,8000,9703.73
100,643,645,3149,3702.75,5500,5723.02
100,644,98,1249,1249.26,49500,9572
100,644,577,3509,5388.65,6000,8248.06
100,644,645,2640,4988.16,6000,9362.88
100,644,646,2382,2492.52,10000,7457.69
100,644,651,2300,2500.83,10000,8734.83
100,645,99,1249,1249.17,49500,8628
100,645,506,930,2724.22,1500,2840.64
100,645,640,2326,4102.24,7000,10514.7
100,645,643,3149,5787.57,5500,8455.49
100,645,644,2640,3667.97,6000,7615.92
100,645,652,2497,2678.03,4500,3752.11
100,646,100,1249,1249.04,49500,5944
100,646,523,948,1190.38,5500,6284.35
100,646,578,2118,3297.65,5500,7634.78
100,646,644,2382,2411.21,10000,5347.01
100,646,656,2177,3590.4,3500,5048.32
100,647,101,1249,1249.03,49500,5750
100,647,640,2793,15866,500,1181.74
100,647,648,2710,3720.73,3000,3767.17
100,647,649,2394,2677.81,3500,3300.06
100,647,652,2376,4522.75,5000,7833.05
100,648,102,1249,1249.01,49500,3788
100,648,641,2563,10517.9,2000,4265.59
100,648,647,2710,3496.3,3000,3537.96
100,648,650,2357,2536.64,2000,1688.58
100,648,824,2420,4663.39,1500,2365.05
100,649,103,1249,1249.02,49500,4692
100,649,452,1687,3821.66,500,852.12
100,649,647,2394,3629.59,3500,4766.87
100,649,650,2599,3321.12,2500,2916.55
100,649,654,2976,4648.01,3000,4173.5
100,650,104,1249,1249,49500,2114
100,650,648,2357,4031.1,2000,2950.27
100,650,649,2599,3612.26,2500,3174.28
100,650,826,2391,4770.66,1000,1604.95
100,650,841,2698,3088.5,2000,1982.22
100,651,105,1249,1249.08,49500,7044
100,651,451,1305,1398.9,7000,5825.54
100,651,524,1545,1780.68,5000,5021.09
100,651,644,2300,4801.8,10000,16410
100,651,652,2561,3173.22,4500,5056.09
100,652,106,1249,1249.03,49500,5596
100,652,645,2497,7412.09,4500,8564.81
100,652,647,2376,2722.92,5000,4966.42
100,652,651,2561,4165.37,4500,6433
100,652,654,2910,3334.48,2500,2482.6
100,653,107,1249,1249.07,49500,6940
100,653,450,1086,1172.51,5000,4268.27
100,653,451,1370,2164.26,7000,9814.91
100,653,658,2897,3783.47,5500,6573.08
100,653,661,2599,2881.47,5000,4613.07
100,654,108,1249,1249.04,49500,6102
100,654,450,1482,2312.01,5000,6950.33
100,654,649,2976,3889.2,3000,3587.82
100,654,652,2910,5171.09,2500,3771.58
100,654,662,2615,2634.88,6000,2846.79
100,655,109,1249,1249.19,49500,8776
100,655,578,3967,8751.72,3000,5051.81
100,655,656,3398,3781.65,7000,6520.08
100,655,657,2850,3187.89,4000,3771.55
100,655,659,2315,5996.17,3000,5413.24
100,656,110,1249,1249.4,49500,10670
100,656,524,1508,2585.19,5000,7386.18
100,656,646,2177,7027.49,3500,6871.11
100,656,655,3398,3618.53,7000,5677.22
100,656,658,3116,3118.9,15000,4210.16
100,657,111,1249,1249.1,49500,7512
100,657,509,222,471.007,4000,6614.57
100,657,655,2850,3173.87,4000,3731.81
100,657,658,3330,3821.35,5500,5477.44
100,657,660,2167,3322.79,6000,8239.17
100,658,112,1249,1249.39,49500,10600
100,658,508,354,387.909,5000,4469.67
100,658,653,2897,3261.16,5500,5262.31
100,658,656,3116,3132.56,15000,6508.07
100,658,657,3330,3688.1,5500,5060.91
100,659,113,1249,1249,49500,3348
100,659,581,3521,11419.1,3500,6882.71
100,659,655,2315,5417.26,3000,5186.57
100,659,660,2749,2791.67,5000,2835.89
100,659,901,3658,7423.68,4500,7283.49
100,660,114,1249,1249.2,49500,8906
100,660,511,348,496.248,2000,2596.33
100,660,657,2167,3097.28,6000,7803.99
100,660,659,2749,2897.4,5000,3872.66
100,660,901,4822,8944.57,3500,5407.92
100,661,115,1249,1249.01,49500,4658
100,661,448,1754,2152.48,2000,2218.72
100,661,653,2599,3988.29,5000,6869.8
100,661,663,2280,2439.26,4500,3717.35
100,661,666,3207,3370.85,2500,1909.88
100,662,116,1249,1249,49500,1366
100,662,448,841,1584.53,2000,3116.25
100,662,654,2615,2990.45,6000,5934.68
100,662,664,2585,2761.27,2000,1642.25
100,662,840,2489,2562.27,3500,2329.55
100,663,117,1249,1249.12,49500,7864
100,663,447,1661,2069.68,3500,3960.95
100,663,661,2280,3140.07,4500,5666.83
100,663,668,2293,3510.03,5500,7543.35
100,663,848,3538,3543.74,5500,1773.78
100,664,118,1249,1249,49500,2434
100,664,447,705,1045.56,3500,4688.64
100,664,662,2585,3607.44,2000,2548.6
100,664,842,2232,2678.91,2000,2149.76
100,664,848,3899,4227.98,1000,866.027
100,665,119,1249,1249,49500,3342
100,665,509,2427,3257.72,4000,4916.24
100,665,520,330,752.887,1500,2564.46
100,665,666,2793,3569,2000,2333.22
100,665,667,2495,2558.96,3000,1928.88
100,666,120,1249,1249.06,49500,6556
100,666,508,3055,3934.65,5000,5885.34
100,666,661,3207,3424.97,2500,2051.13
100,666,665,2793,4342.48,2000,2773.55
100,666,668,2610,2629.25,7000,3296.14
100,667,121,1249,1249.01,49500,4004
100,667,518,381,2322.34,2000,4828.38
100,667,665,2495,3418.74,3000,3760.26
100,667,668,2839,3626.89,3500,4081.98
100,667,849,2309,2318.96,4500,1853.08
100,668,122,1249,1249.25,49500,9460
100,668,663,2293,3107.14,5500,6822.04
100,668,666,2610,2830.14,7000,6061.61
100,668,667,2839,3762.61,3500,4247.42
100,668,850,2783,2785.42,5500,1518.33
100,669,123,1249,1249,49500,2312
100,669,511,4505,5129.03,2000,1960.58
100,669,518,1879,2291.67,2000,2200.02
100,669,520,2359,3937.84,1500,2180.07
100,669,853,6233,6237.27,500,130
100,669,901,6176,15022.3,500,878.943
100,669,904,5948,9027.07,1000,1362.98
100,670,124,1249,1249,49500,2476
100,670,601,2818,5061.72,3500,5312.54
100,670,671,2190,2566.37,2500,2586.49
100,670,672,2407,6543.8,4500,8279.17
100,670,675,2340,8729.3,3000,6196.66
100,671,125,1249,1249,49500,786
100,671,602,2266,4872.49,2000,3328.18
100,671,670,2190,4343.09,2500,4000.11
100,671,673,2406,6690.45,2000,3712.42
100,671,721,2159,4375.3,1000,1617.41
100,672,126,1249,1249,49500,2862
100,672,670,2407,4161.81,4500,6681.57
100,672,673,2299,2858.49,3500,3950.11
100,672,677,2186,8357.19,4000,8331.38
100,672,682,2577,5863.8,3000,5122.87
100,673,127,1249,1249.01,49500,3722
100,673,671,2406,3878,2000,2842.24
100,673,672,2299,3974.11,3500,5196.03
100,673,683,2570,3342.02,1500,1784.4
100,673,723,2693,3730.79,2000,2532.07
100,674,128,1249,1249.14,49500,8160
100,674,403,1903,13264.1,5500,13814.5
100,674,605,3838,6621.36,3500,5189.93
100,674,675,2610,2699.23,5500,3800.24
100,674,676,2393,5767.19,4500,7879.46
100,675,129,1249,1249.01,49500,4220
100,675,606,4097,7901.82,500,788.704
100,675,670,2340,2403.67,3000,1957.83
100,675,674,2610,6434.13,5500,9723.28
100,675,677,2443,6156.06,3500,6244.5
100,676,130,1249,1249.11,49500,7732
100,676,405,1189,10652.3,3000,8096.8
100,676,674,2393,5741.98,4500,7864.7
100,676,677,2728,3148.94,5500,5539.05
100,676,686,2638,3186.89,8000,8682.01
100,677,131,1249,1249.16,49500,8474
100,677,672,2186,2734.77,4000,4549.59
100,677,675,2443,4586.06,3500,5442.81
100,677,676,2728,5541.15,5500,8905.88
100,677,687,2510,3193,7500,8704.12
100,678,132,1249,1252.11,49500,17766
100,678,609,2850,6666.4,6500,11235.5
100,678,679,2052,2090.79,3500,2085.3
100,678,680,2805,11766.2,4000,8593.02
100,679,133,1249,1249.41,49500,10706
100,679,403,765,878.281,5500,5482.31
100,679,487,1774,6807.16,2500,5213.61
100,679,610,2610,8346.92,4500,8804.39
100,679,678,2052,9104.75,3500,7657.56
100,680,134,1249,1250.5,49500,14816
100,680,486,813,2450.45,3000,5742.72
100,680,622,2605,13653,4000,9223.71
100,680,678,2805,15281.5,4000,9334.2
100,680,690,2407,2733.07,12000,11698.1
100,681,135,1249,1251.66,49500,17092
100,681,405,1468,2614.38,3000,4531.57
100,681,486,1819,6680,3000,6163.42
100,681,487,1681,5015.44,2500,4767.39
100,681,691,2410,2580.09,8000,6625.67
100,682,136,1249,1249.01,49500,4246
100,682,672,2577,4150.32,3000,4261.13
100,682,683,2693,3671.24,2500,3118.67
100,682,684,2228,4378.5,4000,6370.79
100,682,687,2514,6036.21,3500,6118.68
100,683,137,1249,1249,49500,3124
100,683,673,2570,5135.9,1500,2409.32
100,683,682,2693,9087.09,2500,4986.58
100,683,727,2357,3010.28,3500,4080.67
100,684,138,1249,1249,49500,2992
100,684,410,1819,4446.54,6000,10569.6
100,684,682,2228,3998.68,4000,6068.67
100,684,685,2113,4030.5,1500,2352.49
100,684,689,2295,5243.41,4000,6842.87
100,685,139,1249,1249,49500,3326
100,685,684,2113,5295.09,1500,2670.06
100,685,729,2357,2955.26,1000,1140.54
100,686,140,1249,1249.2,49500,9000
100,686,406,1034,9329.34,6500,17578
100,686,676,2638,2927.82,8000,7400.85
100,686,687,2668,3172.93,6500,6888.93
100,686,688,3029,3749.6,7000,7855.51
100,687,141,1249,1249.93,49500,13122
100,687,677,2510,2914.87,7500,7637.48
100,687,682,2514,2678.2,3500,2843.15
100,687,686,2668,5541.75,6500,10640.4
100,687,689,3207,3596.12,5000,4741.8
100,688,142,1249,1249.1,49500,7578
100,688,407,1322,9714.72,2000,5101.23
100,688,686,3029,4346.12,7000,9133.92
100,688,689,2396,2984.55,3500,3959.31
100,688,698,2908,13345.3,1500,3317.55
100,689,143,1249,1249.01,49500,4084
100,689,409,1733,7029.11,2000,4249.1
100,689,684,2295,3168.35,4000,5048.22
100,689,687,3207,4731.37,5000,6671.07
100,689,688,2396,5884.38,3500,6177.74
100,690,144,1249,1249.92,49500,13096
100,690,480,1454,4918.8,6500,12976.8
100,690,485,1437,3788.82,6500,11813.5
100,690,680,2407,3633.75,12000,16292.1
100,690,691,2530,3442.06,8000,9960.77
100,691,145,1249,1249.45,49500,10966
100,691,406,1482,2313.15,6500,9038.55
100,691,681,2410,2890.44,8000,8589.57
100,691,690,2530,8540.26,8000,15959.2
100,691,693,3085,7029.61,5500,9397.82
100,692,146,1249,1270.13,49500,28686
100,692,478,1117,2141.96,3000,4718.05
100,692,482,299,495.219,6500,9400.65
100,692,693,2585,3918.12,4500,6127.62
100,692,702,3100,3690.1,2000,2122.75
100,693,147,1249,1260.82,49500,24810
100,693,407,1269,1497.42,2000,2093.27
100,693,538,372,416.789,5000,4732.64
100,693,691,3085,4312.06,5500,7018.47
100,693,692,2585,9710.54,4500,9317.06
100,694,148,1249,1249.45,49500,10960
100,694,410,625,4181.58,6000,14890.8
100,694,695,2405,2462.88,8500,5379.5
100,694,696,2781,3118.94,4500,4269.24
100,694,699,3270,3710.36,10500,10220.7
100,695,149,1249,1249,49500,3076
100,695,694,2405,3144.15,8500,10169.5
100,695,697,2599,2667.44,5000,3236.48
100,695,733,2503,5169.4,1500,2448.69
100,696,150,1249,1249.01,49500,3992
100,696,694,2781,5143.42,4500,6941.9
100,696,697,2374,2983.65,4000,4575.48
100,696,701,2372,2899.6,5500,6069.29
100,696,808,2372,3106.14,2500,2996.29
100,697,151,1249,1249.04,49500,5884
100,697,695,2599,3969.74,5000,6846.75
100,697,696,2374,3593.49,4000,5441.41
100,697,735,2595,3642.29,4500,5763.32
100,697,809,2816,2921.77,2000,1414.79
100,698,152,1249,1249.55,49500,11498
100,698,537,269,1483.08,8000,18736.6
100,698,688,2908,14344.1,1500,3394.22
100,698,699,2443,4238.88,5000,7439.36
100,698,700,2186,2370.07,5000,4327.94
100,699,153,1249,1250.67,49500,15212
100,699,409,659,8297.38,2000,5929.75
100,699,694,3270,3327.87,10500,6153.68
100,699,698,2443,9503.16,5000,10475.4
100,699,701,3047,3078.21,4500,2300.42
100,700,154,1249,1249.02,49500,5190
100,700,473,1034,2465.16,3500,6100.1
100,700,698,2186,5021.71,5000,8574.33
100,700,701,2055,4373.14,2500,4139.99
100,700,812,2653,3266.32,2000,2228.4
100,701,155,1249,1249.02,49500,5262
100,701,696,2372,2971.56,5500,6266.41
100,701,699,3047,5468.06,4500,6826.89
100,701,700,2055,9927.72,2500,5620.12
100,701,813,2737,3217.52,3500,3640.45
100,702,156,1249,1249.84,49500,12812
100,702,477,1620,7895.31,5500,12398.5
100,702,692,3100,20847.9,2000,4971.11
100,702,703,2555,2973.1,7500,7664.97
100,702,704,2527,2689.62,3500,2832.62
100,703,157,1249,1249.38,49500,10472
100,703,537,2506,3212.35,8000,9366.48
100,703,538,2955,14331.4,5000,11254.1
100,703,702,2555,5702.22,7500,12696.2
100,703,705,2724,2775.52,8500,5065.17
100,704,158,1249,1249.39,49500,10570
100,704,475,1214,1231.01,3500,1934.83
100,704,634,2532,7697.33,5500,10562.1
100,704,702,2527,4864.22,3500,5515.3
100,704,705,2497,3299.04,5000,6048.41
100,705,159,1249,1249.06,49500,6498
100,705,473,1472,2623.72,3500,5289.38
100,705,474,1848,2137.33,3500,3537.68
100,705,703,2724,3509.51,8500,10008.8
100,705,704,2497,5546.43,5000,8445.92
100,706,160,1249,1249.02,49500,4818
100,706,472,2625,3532.07,1000,1231.98
100,706,474,1050,1115.6,3500,2811.76
100,706,475,1674,3224.11,3500,5516.92
100,706,637,2472,4292.75,2500,3721.5
100,707,161,1249,1249,49500,1248
100,707,387,1751,2461.28,2000,2564.74
100,707,708,4188,4195.86,3000,1003.35
100,707,713,4212,4635.97,4000,3620.33
100,707,912,11968,11968.2,3000,290.323
100,708,162,1249,1249,49500,834
100,708,390,318,855.501,3000,5496.5
100,708,707,4188,4189.13,3000,618.432
100,708,710,3285,4648.2,1000,1289.68
100,708,712,3547,3978.65,2500,2372.66
100,708,802,4590,5399.42,2500,2603.2
100,709,163,1249,1249,49500,3240
100,709,583,3454,16803,1000,2252.99
100,709,711,3077,6889.65,3000,5085.97
100,709,805,2103,2649.48,2500,2868.14
100,710,164,1249,1249,49500,766
100,710,708,3285,9803.62,1000,1907.14
100,710,712,2455,12143.4,1000,2264.79
100,710,806,1917,2480.47,2500,2957.87
100,711,165,1249,1249.09,49500,7428
100,711,392,1570,3993.52,3500,6268.77
100,711,583,4470,12110.1,2000,3674.56
100,711,709,3077,3125.9,3000,1711.57
100,711,712,2561,3791.15,1000,1337.72
100,712,166,1249,1249,49500,2746
100,712,391,630,1837.07,1000,1890.5
100,712,708,3547,3554.25,2500,854.043
100,712,710,2455,4800.49,1000,1588.63
100,712,711,2561,6355.28,1000,1772.79
100,712,715,4028,6103.43,2000,2722.78
100,713,167,1249,1249,49500,576
100,713,707,4212,4313.5,4000,2532.37
100,713,714,4008,4011.96,4500,1281.94
100,713,719,4145,4990.15,3500,3779.18
100,713,912,8143,8143.22,3500,403.505
100,714,168,1249,1249,49500,744
100,714,390,3795,4502.81,3000,3167.92
100,714,713,4008,4008.18,4500,594.801
100,714,716,3218,3599.75,2500,2357.57
100,714,718,3153,3372.16,1500,1237.59
100,714,720,3960,8543.93,2500,4166.8
100,715,169,1249,1249.43,49500,10806
100,715,392,1110,4196.8,3500,7262.59
100,715,600,3084,5870.04,3000,4699.66
100,715,712,4028,4253.13,2000,1562.59
100,715,716,2445,2483.02,4000,2269.78
100,715,717,2667,2867.24,7000,5887.83
100,716,170,1249,1249,49500,1880
100,716,391,1788,3532.89,1000,1597.08
100,716,714,3218,3255.98,2500,1324.03
100,716,715,2445,2862.88,4000,4132.67
100,716,718,2337,3166.92,1500,1860.64
100,717,171,1249,1249.05,49500,6246
100,717,602,2407,8690.79,1000,2042.51
100,717,715,2667,2811.03,7000,5422.31
100,717,718,2227,2959.66,1000,1216.95
100,717,721,2269,5402.15,2500,4354.66
100,718,172,1249,1249,49500,1186
100,718,714,3153,3164.45,1500,591.681
100,718,716,2337,3519.83,1500,2032.99
100,718,717,2227,3630.02,1000,1431.57
100,718,722,2372,5243.41,2000,3370.95
100,719,173,1249,1249,49500,672
100,719,713,4145,4417.23,3500,2847.07
100,719,720,3966,4011.02,4000,2098.01
100,719,725,4232,4891.25,3000,3028.48
100,719,912,5547,5547.64,3000,500.001
100,720,174,1249,1249,49500,1392
100,720,714,3960,6970.46,2500,3751.04
100,720,719,3966,3966.25,4000,570.102
100,720,722,3256,3572.94,1000,897.531
100,720,724,3289,6121.35,2500,3869.8
100,720,726,4241,5597.35,3000,3625.13
100,721,175,1249,1249,49500,1356
100,721,671,2159,12711,1000,2389.17
100,721,717,2269,4576.41,2500,4034.03
100,721,722,2585,2667.5,2000,1358.35
100,721,723,2409,11878.2,1000,2262.54
100,722,176,1249,1249,49500,750
100,722,718,2372,3673.66,2000,2766
100,722,720,3256,3423.94,1000,765.76
100,722,721,2585,2710.55,2000,1508.68
100,722,724,2436,6345.42,2000,3617.14
100,723,177,1249,1249.08,49500,7210
100,723,673,2693,8708.65,2000,3928.88
100,723,721,2409,7605.39,1000,1947.35
100,723,724,2396,2420.32,3000,1530.07
100,723,727,2249,2627.7,4500,4631.96
100,724,178,1249,1249.01,49500,4214
100,724,720,3289,3307.59,2500,1101.46
100,724,722,2436,3487.28,2000,2604.76
100,724,723,2396,3362.62,3000,3841.86
100,724,728,2651,3112.25,4500,4670.04
100,725,179,1249,1249,49500,660
100,725,415,926,1570.24,2000,2935.06
100,725,719,4232,4753.66,3000,2856.34
100,725,726,4054,4079.93,4000,1817.72
100,725,912,5595,5595.17,4000,477.673
100,726,180,1249,1249,49500,1482
100,726,414,2893,3170.44,3500,3129.67
100,726,720,4241,4975.3,3000,3109.57
100,726,725,4054,4054.14,4000,490.939
100,726,728,3430,6053.03,1000,1502.64
100,726,730,3155,3712.79,2000,2083.89
100,727,181,1249,1249.03,49500,5444
100,727,683,2357,6283.87,3500,6389.5
100,727,723,2249,2808.09,4500,5105.79
100,727,728,2393,2422.09,5000,2667.75
100,727,729,2495,3473.58,3500,4450.68
100,728,182,1249,1249,49500,2296
100,728,724,2651,2799.72,4500,3519.11
100,728,726,3430,3514.24,1000,636.118
100,728,727,2393,2843.29,5000,5291.58
100,728,730,2598,3260.17,4000,4566.88
100,729,183,1249,1249,49500,3034
100,729,412,2018,3539.4,4000,5989.19
100,729,685,2357,10731.5,1000,2206.11
100,729,727,2495,4200.17,3500,5113.51
100,729,730,2706,2707.31,3000,715.288
100,730,184,1249,1249,49500,2070
100,730,413,1973,3120.86,3500,4911.75
100,730,726,3155,3156.29,2000,456.557
100,730,728,2598,3339.09,4000,4697.26
100,730,729,2706,2968.44,3000,2690.13
100,731,185,1249,1249,49500,998
100,731,415,3180,3839.53,2000,2168.75
100,731,416,5936,5936.94,3500,631.534
100,731,732,4097,4135.62,3000,1502.1
100,731,863,4743,4821.89,4000,2308.23
100,732,186,1249,1249,49500,1746
100,732,414,1817,2597.45,3500,4552.95
100,732,731,4097,4097.03,3000,256.214
100,732,734,3571,5563.18,1000,1388.71
100,732,736,3538,7684.27,2500,4179.67
100,732,864,4191,4250.91,5000,2778.11
100,733,187,1249,1249.08,49500,7210
100,733,412,392,1112.94,4000,7484.97
100,733,695,2503,12325.6,1500,3392.43
100,733,734,2357,2474.65,4500,3417.8
100,733,735,2925,4773.94,5000,7163.85
100,734,188,1249,1249.09,49500,7364
100,734,413,324,720.789,3500,5916.28
100,734,732,3571,3615.79,1000,537.738
100,734,733,2357,3103.16,4500,5423.85
100,734,736,3100,5077.17,3000,4307.93
100,735,189,1249,1249.11,49500,7750
100,735,697,2595,7839.29,4500,8621.39
100,735,733,2925,5346.63,5000,7663.77
100,735,736,2809,2947.79,6500,4924.23
100,735,865,4012,4876.74,3500,3832.01
100,736,190,1249,1249.34,49500,10202
100,736,732,3538,4383.62,2500,2808.81
100,736,734,3100,4967.86,3000,4247.11
100,736,735,2809,2906.22,6500,4505.02
100,736,865,3230,7679.62,2000,3481.67
100,737,191,1249,1249,49500,1276
100,737,739,2579,3998.8,1000,1384.11
100,737,741,3235,3474.75,2000,1676.78
100,737,745,5168,6786.85,1500,1803.18
100,737,783,2103,6145.53,1500,2838.06
100,737,919,4955,4957.53,1500,362.401
100,738,192,1249,1249,49500,274
100,738,418,3042,4469.03,1500,1994.74
100,738,739,2456,2992.78,2000,2197.35
100,738,740,2020,2232.08,2000,1829.34
100,738,920,3508,3519.33,2000,766.065
100,739,193,1249,1249,49500,2608
100,739,737,2579,3857.7,1000,1348.36
100,739,738,2456,4384.38,2000,3025.16
100,739,741,2385,2612.79,1500,1339.92
100,739,919,4530,4538.22,2000,663.209
100,740,194,1249,1249,49500,1008
100,740,738,2020,2031.02,2000,873.46
100,740,741,2443,3365.94,500,629.882
100,740,742,4087,5779.35,1000,1288.99
100,740,746,2266,3150.87,2500,3175.57
100,741,195,1249,1249,49500,1376
100,741,737,3235,3307.96,2000,1245.39
100,741,739,2385,2398.12,1500,656.443
100,741,740,2443,4815.61,500,797.577
100,741,747,2251,3058.51,2500,3108.92
100,742,196,1249,1249,49500,1208
100,742,418,865,1075.77,1500,1693.43
100,742,740,4087,4513.45,1000,913.258
100,742,743,4275,4283.74,2500,854.115
100,742,744,4591,4609.33,2000,807.795
100,742,750,3643,5814.8,3000,4235.83
100,742,751,3880,4884.46,1500,1719.27
100,742,920,5371,5373.29,2500,576.977
100,742,921,5789,8470.5,1000,1325.62
100,743,197,1249,1249,49500,3328
100,743,742,4275,4369.85,2500,1550.39
100,743,744,2288,2411.86,6000,4650.49
100,743,921,3729,11116.8,1500,2859.56
100,744,198,1249,1249.01,49500,3898
100,744,742,4591,5135.74,2000,1886.16
100,744,743,2288,2297.47,6000,2445.62
100,744,754,2828,6220.07,4000,6726.41
100,745,199,1249,1249,49500,3492
100,745,737,5168,5170.75,1500,366.086
100,745,747,2799,3649.27,2000,2385.86
100,745,749,2898,3610.69,2000,2263.12
100,745,756,4233,9340.57,4000,6736.41
100,745,791,2388,8891.8,1000,2064.24
100,746,200,1249,1249,49500,1662
100,746,740,2266,2295.4,2500,1355.72
100,746,747,2718,3286.83,3000,3260.48
100,746,748,2323,4854.99,2000,3283.68
100,746,751,2664,4249.15,2500,3528.18
100,747,201,1249,1249,49500,2070
100,747,741,2251,2338.51,2500,1783.75
100,747,745,2799,4844.43,2000,2971.34
100,747,746,2718,4679.62,3000,4443.14
100,747,749,2966,2983.22,4500,1995.93
100,748,202,1249,1249,49500,2672
100,748,746,2323,2337.96,2000,910.391
100,748,749,3213,3646.28,2000,1947.48
100,748,753,2443,2926.56,3500,3751.26
100,748,757,2192,8222.62,3000,6208.39
100,749,203,1249,1249,49500,2554
100,749,745,2898,4331.19,2000,2695
100,749,747,2966,2966.64,4500,876.894
100,749,748,3213,6741.45,2000,3289.85
100,749,758,2459,12286.8,1000,2271.97
100,750,204,1249,1249.02,49500,4904
100,750,419,1541,1628.07,3000,2350.28
100,750,742,3643,3643.61,3000,549.457
100,750,752,2610,2930.99,8000,7612.57
100,750,754,2909,3856.01,3000,3641.25
100,751,205,1249,1249,49500,936
100,751,419,1010,2199.87,3000,5022.19
100,751,742,3880,3954.24,1500,896.446
100,751,746,2664,2837.36,2500,2028.96
100,751,753,2229,4121.33,2000,3084.81
100,752,206,1249,1249.02,49500,5108
100,752,420,566,2206.57,2000,4193.26
100,752,750,2610,2613.52,8000,2464.1
100,752,755,2807,4124.96,4500,5985.56
100,752,761,2062,7278.76,3500,7092.89
100,753,207,1249,1249,49500,1718
100,753,420,1715,5148.5,2000,3822.74
100,753,748,2443,3055.2,3500,3979.12
100,753,751,2229,2546.62,2000,1974.5
100,753,762,2311,13454.5,1000,2381.13
100,754,208,1249,1249.06,49500,6610
100,754,744,2828,3004.79,4000,3213.91
100,754,750,2909,4536.93,3000,4169.38
100,754,755,2717,3269.69,9000,9712.21
100,755,209,1249,1249.9,49500,13046
100,755,752,2807,4658.53,4500,6516.46
100,755,754,2717,2735.1,9000,4131.82
100,755,765,2918,5872.41,6500,10477
100,756,210,1249,1249.01,49500,3718
100,756,745,4233,4285.57,4000,2145.61
100,756,758,2674,4583.09,1500,2215.57
100,756,760,2815,7895.47,3000,5587.34
100,756,767,4464,18496.3,2000,4279.16
100,756,799,2234,3331.88,3000,4036.14
100,757,211,1249,1249,49500,1144
100,757,748,2192,2214.18,3000,1528.87
100,757,758,2324,6543.7,500,932.628
100,757,759,2311,7808.8,2000,3991.21
100,757,762,2441,2596.11,5500,4437.17
100,758,212,1249,1249,49500,342
100,758,749,2459,3295.53,1000,1227.18
100,758,756,2674,2769.47,1500,1047.73
100,758,757,2324,9644.69,500,1070.35
100,758,760,2147,3477.34,2000,2851.28
100,759,213,1249,1249,49500,1920
100,759,757,2311,2613.42,2000,1932.9
100,759,760,2179,2346.24,2500,2114.39
100,759,764,2783,3945.86,6000,7751.44
100,759,768,2168,20258.6,1000,2731.03
100,760,214,1249,1249,49500,412
100,760,756,2815,3116.18,3000,2756.98
100,760,758,2147,2149.32,2000,582.374
100,760,759,2179,6565.39,2500,4784.98
100,760,769,2292,20406,1500,4041.27
100,761,215,1249,1249.04,49500,5970
100,761,421,520,3054.15,1000,2387.45
100,761,752,2062,2200.9,3500,2865.18
100,761,762,2532,7071.9,2500,4648.5
100,761,763,2696,21425.3,500,1304.36
100,762,216,1249,1249,49500,3150
100,762,753,2311,2990.67,1000,1183.32
100,762,757,2441,2443.18,5500,1528.23
100,762,761,2532,5166.23,2500,4057.09
100,762,764,2816,9063.44,4500,8824.84
100,763,217,1249,1249.01,49500,4308
100,763,422,360,7219,1000,3426.1
100,763,761,2696,6858.95,500,895.607
100,763,764,2565,2594.13,3500,1835.89
100,763,772,2470,5847.87,3000,5212.97
100,764,218,1249,1249.14,49500,8204
100,764,759,2783,2797.85,6000,2605.78
100,764,762,2816,2966.15,4500,3474.68
100,764,763,2565,5297.13,3500,5713.45
100,764,773,2408,6970.16,6000,11311.2
100,765,219,1249,1249.05,49500,6206
100,765,421,2155,11568.2,1000,2323
100,765,755,2918,3219.07,6500,5919.52
100,765,766,2197,26405.6,3500,10246.6
100,766,220,1249,1249.02,49500,5026
100,766,422,2441,4587.63,1000,1556.05
100,766,765,2197,2556.3,3500,3576.45
100,766,776,2757,8891.17,6000,11774.9
100,767,221,1249,1249.03,49500,5622
100,767,583,6076,11526.5,5000,7819.02
100,767,756,4464,5431.92,2000,2192.99
100,767,769,3821,11476.6,1500,2867.6
100,767,771,3116,14442.7,1500,3328.09
100,767,807,2147,2216.89,4500,3071.4
100,768,222,1249,1249,49500,1804
100,768,759,2168,6298.11,1000,1887.79
100,768,769,2276,2555.68,2500,2378.43
100,768,770,2725,7683.97,2000,3732.62
100,768,773,3100,8642,1000,1858.03
100,769,223,1249,1249,49500,2864
100,769,760,2292,2489.93,1500,1306.6
100,769,767,3821,4099.21,1500,1252.04
100,769,768,2276,2799.06,2500,2781.38
100,769,771,2436,3638.97,5500,7408.57
100,770,224,1249,1249,49500,2566
100,770,584,2325,9227.77,3000,6327.74
100,770,768,2725,3024.76,2000,1850.8
100,770,771,2376,2504.5,5000,3874.43
100,770,775,2357,10556.4,2500,5486.22
100,771,225,1249,1249.01,49500,3654
100,771,585,2308,8101.96,3000,6067.83
100,771,767,3116,5405.2,1500,2231.46
100,771,769,2436,2474.49,5500,3133.29
100,771,770,2376,4427.32,5000,7744.51
100,772,226,1249,1249,49500,2920
100,772,423,775,14237.1,1000,3322.25
100,772,763,2470,2653.46,3000,2516.57
100,772,773,2421,2721.09,4000,3813.76
100,772,774,2033,22412.9,2000,5718.38
100,773,227,1249,1249.01,49500,4294
100,773,764,2408,2518.96,6000,4466.91
100,773,768,3100,15483.1,1000,2271.66
100,773,772,2421,4264.98,4000,6004.51
100,773,775,2407,21555.9,3000,8095.9
100,774,228,1249,1249.04,49500,6012
100,774,424,1583,11726.8,2000,5113.14
100,774,588,2964,10247.1,2500,5029.52
100,774,772,2033,2471.45,2000,2190.04
100,774,775,2278,3687.81,2500,3563.03
100,775,229,1249,1249.02,49500,5070
100,775,589,2861,7657,7500,13712.9
100,775,770,2357,3180.71,2500,3088.67
100,775,773,2407,2979.22,3000,3366.04
100,775,774,2278,7619.18,2500,4970.94
100,776,230,1249,1249.03,49500,5632
100,776,423,2243,4885.71,1000,1674.1
100,776,766,2757,2839.03,6000,4004.11
100,776,777,2791,24979.5,3000,8094.51
100,776,778,2256,21568.5,2500,6871.35
100,777,231,1249,1249.09,49500,7396
100,777,428,1653,3620.81,6500,10909.8
100,777,596,6306,9409.54,500,672.935
100,777,776,2791,3757.24,3000,3697.68
100,777,778,3090,3175.02,4000,2617.74
100,778,232,1249,1249.26,49500,9542
100,778,424,890,2615.5,2000,3792.17
100,778,426,1587,3617.49,7000,11962.7
100,778,776,2256,2370.72,2500,1907.6
100,778,777,3090,3772.02,4000,4405.52
100,779,233,1249,1249,49500,1326
100,779,780,4232,4234.83,3500,904.411
100,779,784,5111,5116.76,2500,735.932
100,779,913,8163,8507.3,2000,1456.39
100,779,915,4733,4791.6,500,268
100,780,234,1249,1249,49500,342
100,780,779,4232,4238.01,3500,1091.74
100,780,781,4046,4064.84,3000,1259.25
100,780,785,4058,5048.84,2500,2823.84
100,780,916,4448,4449.3,1000,209.947
100,781,235,1249,1249,49500,884
100,781,780,4046,4206.07,3000,2149.92
100,781,782,4224,4440.7,3000,2294.2
100,781,786,4288,4658.66,3500,3049.48
100,781,916,4931,4931.21,3000,387.182
100,781,917,5697,5697.16,500,58.0851
100,782,236,1249,1249,49500,2150
100,782,781,4224,5527.5,3000,3592.9
100,782,783,2979,3008.75,3500,1777.8
100,782,787,3312,3438.49,1500,1065.51
100,782,788,3396,3698.44,1000,877.798
100,782,917,5996,5997.56,500,101.997
100,782,918,5398,5904.62,1500,1334.08
100,783,237,1249,1249,49500,444
100,783,737,2103,5409.96,1500,2699.08
100,783,782,2979,3099.62,3500,2522.81
100,783,791,4663,5322.61,1000,985.445
100,783,918,4399,4399,2500,130.558
100,784,238,1249,1249,49500,1230
100,784,779,5111,5111.04,2500,215.63
100,784,785,4241,4241.07,4000,404.103
100,784,792,4197,4302.55,4000,2559.57
100,784,913,5542,5550.14,2500,786.319
100,785,239,1249,1249,49500,526
100,785,780,4058,4065.14,2500,822.692
100,785,784,4241,4301.19,4000,2218.48
100,785,786,4188,4191.55,1500,411.367
100,785,793,4137,4387.89,3000,2392.19
100,786,240,1249,1249,49500,1498
100,786,781,4288,4295.68,3500,1157.03
100,786,785,4188,4589.56,1500,1341.23
100,786,788,3624,4640.63,500,584.71
100,786,790,3465,4216.24,500,548.234
100,786,794,4232,4814.25,4500,4403.82
100,787,241,1249,1249,49500,708
100,787,782,3312,3380.07,1500,912.599
100,787,788,2651,2658.39,2000,738.376
100,787,789,2039,2151.54,1500,1168.27
100,787,791,2107,2111.33,2000,684.214
100,788,242,1249,1249,49500,828
100,788,782,3396,4131.04,1000,1096.01
100,788,786,3624,8911.81,500,883.017
100,788,787,2651,2653.14,2000,541.915
100,788,790,2076,2170.74,1500,1114.02
100,789,243,1249,1249.01,49500,3986
100,789,787,2039,2045.83,1500,579.798
100,789,790,2781,3150.38,2000,1940.11
100,789,791,2058,2204,2500,2073.22
100,789,795,2372,5731.53,2000,3505.89
100,790,244,1249,1249,49500,1576
100,790,786,3465,7520.41,500,835.661
100,790,788,2076,2095.06,1500,746.07
100,790,789,2781,2960.95,2000,1620.85
100,790,796,2183,5648.2,1500,2705.43
100,791,245,1249,1249,49500,1168
100,791,745,2388,11004,1000,2214.6
100,791,783,4663,4739.73,1000,575.505
100,791,787,2107,2127.25,2000,1006.24
100,791,789,2058,2878.28,2500,3191.88
100,791,799,4796,14672.6,500,962.453
100,792,246,1249,1249,49500,2286
100,792,784,4197,4197.16,4000,505.314
100,792,793,4197,4216.21,3500,1462.84
100,792,800,4241,4877.55,3000,3000.47
100,792,913,5229,5371.61,2000,1305.99
100,793,247,1249,1249,49500,530
100,793,785,4137,4140.59,3000,827.547
100,793,792,4197,4239.44,3500,1783.39
100,793,794,4232,4257.03,4000,1782.47
100,793,801,4418,4933.63,3000,2817.58
100,794,248,1249,1249.04,49500,5812
100,794,786,4232,4243.19,4500,1639.51
100,794,793,4232,4282.54,4000,2124.79
100,794,796,3489,4559.96,1500,1794.06
100,794,798,3429,5064.47,2500,3338.38
100,794,802,4371,7134.34,2500,3582.04
100,795,249,1249,1249,49500,1996
100,795,789,2372,2719.35,2000,1988.01
100,795,796,2156,3263.87,1000,1360.46
100,795,797,2651,10450,1000,2104.43
100,795,799,1996,10087.5,500,1140.02
100,796,250,1249,1249,49500,492
100,796,790,2183,2831.82,1500,1779.65
100,796,794,3489,6670.68,1500,2355.36
100,796,795,2156,3133.74,1000,1318.62
100,796,798,2182,8308.53,1000,2080.02
100,797,251,1249,1249,49500,1264
100,797,795,2651,3585.37,1000,1238.09
100,797,798,2188,2495.61,2000,1967.87
100,797,799,2070,9841.48,1000,2236.71
100,797,803,2708,3270.15,3000,3253.87
100,798,252,1249,1249,49500,2840
100,798,794,3429,3741,2500,2206.3
100,798,796,2182,3162.78,1000,1315.7
100,798,797,2188,2699.12,2000,2234.23
100,798,804,2168,2806.66,6000,7102.82
100,799,253,1249,1249,49500,1302
100,799,756,2234,4276.39,3000,4713.7
100,799,791,4796,6604.18,500,629.561
100,799,795,1996,6792.68,500,1000.33
100,799,797,2070,11263.8,1000,2332.7
100,799,807,7369,16356.2,500,844.307
100,800,254,1249,1249,49500,518
100,800,388,5725,5725.49,2500,385.999
100,800,792,4241,4242.86,3000,697.566
100,800,801,4232,4268.51,2000,979.4
100,800,912,14948,16354,3500,3114.53
100,801,255,1249,1249,49500,970
100,801,387,2881,6601.58,2000,3425.89
100,801,793,4418,4419.98,3000,701.156
100,801,800,4232,4250.49,2000,826.212
100,801,802,4188,4207.43,2500,1048.39
100,802,256,1249,1249,49500,2642
100,802,708,4590,11702.8,2500,4482.02
100,802,794,4371,4903.08,2500,2372.82
100,802,801,4188,4192.2,2500,714.81
100,802,804,3554,4993.69,1000,1281.93
100,802,806,3446,4478.1,1000,1188.72
100,803,257,1249,1249,49500,3476
100,803,797,2708,2746.37,3000,1663.19
100,803,804,2158,2289.3,4500,3591.24
100,803,805,2266,4132.08,2000,3061.43
100,803,807,2056,9998.14,2500,5631.78
100,804,258,1249,1249.04,49500,5930
100,804,798,2168,2350.73,6000,5194.77
100,804,802,3554,5241.52,1000,1333.86
100,804,803,2158,2941.41,4500,5612.73
100,804,806,2279,3722.44,2000,2866.95
100,805,259,1249,1249,49500,2154
100,805,709,2103,7145.57,2500,4998.85
100,805,803,2266,2587.05,2000,1971.68
100,805,806,3534,3647.95,2000,1361.81
100,805,807,2184,6484.96,1500,2855.27
100,806,260,1249,1249,49500,1914
100,806,710,1917,3419.05,2500,3779.49
100,806,802,3446,3624.72,1000,766.822
100,806,804,2279,3194.24,2000,2558.32
100,806,805,3534,4363.27,2000,2236.73
100,807,261,1249,1249,49500,1810
100,807,583,6373,19520.7,500,962.883
100,807,767,2147,6326.8,4500,8541.23
100,807,799,7369,7470.54,500,275.266
100,807,803,2056,2556.26,2500,2821.37
100,807,805,2184,2784.44,1500,1745.31
100,808,262,1249,1249,49500,1140
100,808,696,2372,7166.61,2500,4789.9
100,808,809,2495,2952.29,1000,1051.37
100,808,810,2372,3012.22,2500,2895.49
100,808,813,2232,3001.56,2500,3078.25
100,809,263,1249,1249,49500,900
100,809,697,2816,7364.21,2000,3622.92
100,809,808,2495,5044.56,1000,1615.57
100,809,811,2406,2437.22,3500,1898.2
100,809,865,3899,4246.35,2500,2194.68
100,810,264,1249,1249,49500,630
100,810,808,2372,5999.3,2500,4467.19
100,810,811,2307,2391.97,2500,1759.86
100,810,815,2283,2837.3,3000,3383.82
100,810,816,2326,2528.41,2500,2181.83
100,811,265,1249,1249,49500,590
100,811,809,2406,2727.63,3500,3400.63
100,811,810,2307,2526.42,2500,2230.88
100,811,817,2343,2442.42,2000,1458.57
100,811,865,3863,7067.54,1000,1533.51
100,812,266,1249,1249.01,49500,4138
100,812,471,834,1464.84,3000,4495.6
100,812,472,863,11758.6,1000,3029.34
100,812,700,2653,11359.8,2000,4325.51
100,812,813,2269,2304.78,6000,3416.39
100,813,267,1249,1249,49500,2238
100,813,701,2737,6388.24,3500,6044.17
100,813,808,2232,2286.23,2500,1585.97
100,813,812,2269,2709.11,6000,6398.25
100,813,815,2361,2854.78,2500,2716.61
100,814,268,1249,1249,49500,2866
100,814,470,2291,2639.92,3000,3011.44
100,814,471,1330,6285.56,3000,6697.44
100,814,637,3439,11242.8,2000,3944.35
100,814,820,2149,3130.41,2500,3302.33
100,815,269,1249,1249,49500,1858
100,815,470,366,1021.87,3000,5577.41
100,815,810,2283,2442.05,3000,2476.61
100,815,813,2361,6178.52,2500,4529.9
100,815,821,2357,3629.04,2500,3443.12
100,816,270,1249,1249,49500,1088
100,816,469,444,1239.15,1000,1858.85
100,816,810,2326,5115.17,2500,4203.72
100,816,817,2484,2559.23,3500,2346.17
100,816,818,2112,2336.3,3500,3210.55
100,817,271,1249,1249,49500,1564
100,817,811,2343,4834.32,2000,3263.41
100,817,816,2484,2563.78,3500,2380.86
100,817,819,2543,2543.18,1500,222.221
100,817,868,3784,3788.27,1500,441.843
100,818,272,1249,1249,49500,2864
100,818,468,204,394.232,3000,4737.09
100,818,816,2112,3302.33,3500,4872.91
100,818,819,2121,3265.38,1500,2065.74
100,818,828,2269,2785.62,3000,3329.91
100,819,273,1249,1249,49500,420
100,819,817,2543,2625.61,1500,1023.26
100,819,818,2121,3044.51,1500,1957.92
100,819,829,2850,3236.04,500,487.409
100,819,868,3385,4798.95,1500,1937.71
100,820,274,1249,1249,49500,2542
100,820,814,2149,8984.82,2500,5364.83
100,820,821,2373,3551.06,2000,2697.58
100,820,822,2232,2504.6,4000,3799.65
100,820,825,2615,3136.73,2500,2684.79
100,821,275,1249,1249,49500,1016
100,821,469,2012,3335.97,1000,1447.24
100,821,815,2357,7404.8,2500,4859.63
100,821,820,2373,3320.23,2000,2554.44
100,821,823,2373,2824.73,2000,2122.77
100,822,276,1249,1249,49500,2632
100,822,820,2232,3393.12,4000,5458.62
100,822,823,2358,2962.95,2000,2287.18
100,822,827,2292,3162.89,3000,3784.74
100,822,832,2459,2987.74,3000,3282.62
100,823,277,1249,1249,49500,2406
100,823,468,2414,3338.31,3000,3792
100,823,821,2373,4573.49,2000,3153.64
100,823,822,2358,3511.87,2000,2687.89
100,823,833,2995,3006.44,9000,3595.19
100,824,278,1249,1249,49500,1578
100,824,637,2170,11333.8,1000,2303.46
100,824,648,2420,8279.23,1500,3006.59
100,824,825,2215,2952.66,2000,2441.34
100,824,826,2599,3172.46,1000,1101.29
100,825,279,1249,1249,49500,890
100,825,637,2897,11655,1500,3178.21
100,825,820,2615,3177.24,2500,2735.45
100,825,824,2215,2904.87,2000,2400.79
100,825,827,2372,2586.32,2000,1761.96
100,826,280,1249,1249,49500,670
100,826,650,2391,7604.25,1000,1952.58
100,826,824,2599,4292.33,1000,1443.65
100,826,827,2391,3532.75,2000,2671.5
100,826,836,2308,2434.58,2500,1944.03
100,827,281,1249,1249,49500,450
100,827,822,2292,3078.66,3000,3689.71
100,827,825,2372,3348.3,2000,2574.09
100,827,826,2391,3115.54,2000,2384.39
100,827,837,2190,3450.08,500,699.739
100,828,282,1249,1249,49500,3412
100,828,456,2182,2224.9,1000,601.714
100,828,467,798,801.185,2500,1009.71
100,828,818,2269,3644.87,3000,4253.87
100,828,833,3201,3293.54,7500,4969.33
100,829,283,1249,1249,49500,1044
100,829,467,1712,1826.21,2500,2041.56
100,829,819,2850,4374.72,500,687.121
100,829,831,2479,2559.07,500,340.596
100,829,871,3570,3570.29,3000,459.599
100,830,284,1249,1249,49500,2020
100,830,456,434,1415.44,1000,1970.47
100,830,835,2220,3001.91,1000,1237.88
100,830,844,3585,3855.26,1000,841.977
100,831,285,1249,1249,49500,726
100,831,458,761,1020.82,2000,2456.57
100,831,829,2479,2756.78,500,464.839
100,831,871,3748,4695.44,2000,2278.74
100,832,286,1249,1249.06,49500,6586
100,832,454,1614,1769.48,3000,2685.59
100,832,822,2459,3641.06,3000,4013.92
100,832,833,2935,2956.58,10500,4940.55
100,832,837,2719,3621.9,2000,2439.58
100,833,287,1249,1249.37,49500,10420
100,833,455,1201,1562.24,5500,6544.89
100,833,823,2995,3071.11,9000,5774.08
100,833,828,3201,3256.73,7500,4377.65
100,833,832,2935,2947.13,10500,4278.06
100,834,288,1249,1249,49500,2542
100,834,454,1715,1751.44,3000,1840.5
100,834,835,2232,2274.8,6000,3587.78
100,834,839,2297,2810.21,3500,3866.59
100,834,845,4159,4161.6,1500,381.089
100,835,289,1249,1249,49500,3322
100,835,455,1461,1543.35,5500,4306.22
100,835,830,2220,2842.06,1000,1169.09
100,835,834,2232,2263.2,6000,3314.99
100,835,845,3821,3822.38,2500,554.127
100,836,290,1249,1249,49500,1240
100,836,826,2308,2667.19,2500,2523.13
100,836,837,2260,2430.58,3000,2526.69
100,836,838,2988,2994.47,2500,866.463
100,836,841,2155,5646.52,2000,3625.76
100,837,291,1249,1249,49500,1336
100,837,453,1163,1187.17,3000,1830.28
100,837,827,2190,4586.58,500,821.739
100,837,832,2719,3775,2000,2537
100,837,836,2260,2457.71,3000,2621.69
100,838,292,1249,1249,49500,1058
100,838,836,2988,3003.54,2500,1078.73
100,838,839,2357,2603.49,2000,1827.54
100,838,843,2358,5038.71,1500,2488.83
100,838,846,3833,3834.03,2000,411.805
100,839,293,1249,1249,49500,1342
100,839,453,1483,1614.17,3000,2628.87
100,839,834,2297,2843.42,3500,3927.68
100,839,838,2357,2512.1,2000,1627.69
100,839,846,3861,3884.13,2500,1117.58
100,840,294,1249,1249,49500,1662
100,840,452,880,3119.51,500,1014.76
100,840,662,2489,3295.87,3500,4243.65
100,840,841,2356,2451.22,3500,2521.63
100,840,842,2499,2656.63,500,402.636
100,841,295,1249,1249,49500,1924
100,841,650,2698,4567.32,2000,2932.03
100,841,836,2155,4093.06,2000,3129.59
100,841,840,2356,2881.07,3500,3864.17
100,841,843,2356,2447.82,1500,1070.93
100,842,296,1249,1249,49500,1576
100,842,664,2232,3963.94,2000,3016.25
100,842,840,2499,4305.12,500,740.785
100,842,843,2539,2610.15,3000,1972.32
100,842,847,3898,3898.26,2000,290.302
100,843,297,1249,1249,49500,1252
100,843,838,2358,4398.82,1500,2324.79
100,843,841,2356,3342.97,1500,1939.1
100,843,842,2539,2605.99,3000,1942.83
100,843,847,3580,3582.02,3500,866.651
100,844,298,1249,1249,49500,1970
100,844,458,4684,4684.02,2000,143.709
100,844,466,1252,1255.73,2500,938.822
100,844,830,3585,4613.35,1000,1175.95
100,844,845,4733,5621.66,2500,2644.34
100,844,874,4278,4622.08,3000,2567.15
100,845,299,1249,1249,49500,752
100,845,834,4159,4253.39,1500,935.528
100,845,835,3821,3953.44,2500,1733.32
100,845,844,4733,5003.65,2500,1964.43
100,845,846,4604,5138.16,3500,3282.31
100,845,855,4513,4524.18,1500,537.712
100,846,300,1249,1249,49500,832
100,846,838,3833,3834.25,2000,431.962
100,846,839,3861,3920.92,2500,1417.88
100,846,845,4604,5052.69,3500,3142.3
100,846,847,4557,4901.3,5000,4212.23
100,846,856,5012,5012.1,3500,377.818
100,847,301,1249,1249,49500,466
100,847,446,3347,3749.48,4000,3784.95
100,847,842,3898,3924.46,2000,922.425
100,847,843,3580,3594.85,3500,1427.3
100,847,846,4557,4721.93,5000,3504.31
100,847,857,4325,4327.3,3000,731.777
100,848,302,1249,1249,49500,3228
100,848,446,1118,1252.11,4000,3782.6
100,848,663,3538,3641.78,5500,3657.47
100,848,664,3899,4595.13,1000,1044.51
100,848,850,4254,5034.19,2000,2103.09
100,848,852,3846,3939.65,2500,1586.88
100,848,858,4432,4432.01,5500,308.492
100,849,303,1249,1249,49500,902
100,849,667,2309,2654.34,4500,4496.71
100,849,850,2864,3310.23,3500,3533.39
100,849,851,2197,2197.28,2500,425.053
100,849,853,2038,2717.73,2500,3052.81
100,850,304,1249,1249,49500,1736
100,850,668,2783,2936.07,5500,4279.94
100,850,848,4254,4635.66,2000,1758.85
100,850,849,2864,3186.85,3500,3258.76
100,850,852,2480,2480.86,1500,328.62
100,851,305,1249,1249,49500,348
100,851,849,2197,2316.94,2500,1941.77
100,851,852,2086,2126,2000,1195.89
100,851,853,2325,5086.23,500,838.72
100,851,859,3652,3652.3,2000,306.279
100,852,306,1249,1249,49500,492
100,852,848,3846,4236.65,2500,2267.83
100,852,850,2480,2600.38,1500,1131.34
100,852,851,2086,2119.04,2000,1140.05
100,852,859,3443,3449.24,2500,828.769
100,853,307,1249,1249,49500,420
100,853,669,6233,6816.29,500,444.369
100,853,849,2038,3596.13,2500,3756.36
100,853,851,2325,5426.41,500,863.438
100,853,860,5446,5446.32,500,70.4419
100,853,904,5017,7997.43,1000,1410.7
100,853,906,3565,3743.67,3500,2660.99
100,854,308,1249,1249,49500,1924
100,854,465,999,1005.8,5000,2307.79
100,854,466,3544,3739.25,2500,1946.23
100,854,855,4420,4876.6,4000,3643.9
100,854,877,4829,4833.53,2500,703.081
100,855,309,1249,1249,49500,272
100,855,845,4513,4882.66,1500,1289.45
100,855,854,4420,4691.98,4000,3201.21
100,855,856,4559,5647.81,3000,3369.91
100,855,862,4236,4237.37,2000,430.776
100,856,310,1249,1249,49500,304
100,856,846,5012,5013.15,3500,692.182
100,856,855,4559,5249.08,3000,3006.81
100,856,857,4454,5392.36,3000,3265.9
100,856,884,4452,4452.92,3500,674.793
100,857,311,1249,1249,49500,930
100,857,445,1442,1453.24,8500,4057.93
100,857,847,4325,4348.26,3000,1305.41
100,857,856,4454,4843.74,3000,2621.83
100,857,885,4595,4595.03,5000,420.898
100,858,312,1249,1249,49500,436
100,858,445,3124,3125.75,8500,2100.44
100,858,848,4432,4432.5,5500,909.194
100,858,859,4885,4922.7,4000,1905.06
100,858,886,5513,5513,4000,190.493
100,859,313,1249,1249,49500,860
100,859,851,3652,3832.9,2000,1516.12
100,859,852,3443,3575.31,2500,1778.61
100,859,858,4885,4908.37,4000,1690.42
100,859,860,2829,2905.37,2500,1628.32
100,859,887,4967,4967.1,3500,379.993
100,860,314,1249,1249,49500,194
100,860,853,5446,5474.92,500,216.875
100,860,859,2829,3149.93,2500,2331.38
100,860,887,5460,5460,4000,93.8268
100,860,906,3970,4609.77,1500,1527.13
100,860,909,5752,5754.07,1500,331.914
100,861,315,1249,1249,49500,1280
100,861,464,2700,2700.24,3500,547.704
100,861,465,3241,3252.3,5000,1952.26
100,861,862,5119,5345.07,1000,736.616
100,861,888,4496,4690.01,500,366.18
100,862,316,1249,1249,49500,342
100,862,855,4236,4254.04,2000,820.923
100,862,861,5119,5226.05,1000,611.057
100,862,884,4233,7738.81,500,766.447
100,862,889,5406,5416.53,3000,1012.76
100,863,317,1249,1249,49500,1750
100,863,731,4743,4860.18,4000,2548.21
100,863,864,4033,4046.43,4500,1737.1
100,863,866,5146,11308.8,1500,2521.42
100,863,912,13972,13972,2500,0
100,864,318,1249,1249,49500,1634
100,864,732,4191,4498.52,5000,4181.54
100,864,863,4033,4034.52,4500,1007.81
100,864,865,4229,10955,1000,1804.5
100,864,867,7445,13295.4,500,756.446
100,865,319,1249,1249.03,49500,5402
100,865,735,4012,6727.65,3500,5101.21
100,865,736,3230,9656.27,2000,3816.77
100,865,809,3899,5701.81,2500,3312.58
100,865,811,3863,8222.12,1000,1656.13
100,865,864,4229,9436.56,1000,1692.69
100,865,867,6215,6510.32,1500,1125.33
100,865,868,4934,6244.07,2500,2883.64
100,866,320,1249,1249,49500,638
100,866,863,5146,11879.4,1500,2577.86
100,866,867,4429,4487.62,3500,1907.58
100,866,869,4138,4845.58,1500,1549.94
100,867,321,1249,1249,49500,1192
100,867,864,7445,15152.1,500,810.408
100,867,865,6215,9709.83,1500,2087.2
100,867,866,4429,4444.36,3500,1364.77
100,867,868,4226,4408.78,2000,1465.57
100,867,870,5009,5028.33,2500,1001.29
100,868,322,1249,1249,49500,370
100,868,817,3784,4346.08,1500,1496.34
100,868,819,3385,5237.9,1500,2073.2
100,868,865,4934,9231.42,2500,3880.78
100,868,867,4226,4230.31,2000,574.209
100,868,871,4779,4910.73,2500,1636.84
100,869,323,1249,1249,49500,382
100,869,866,4138,5145.72,1500,1693.19
100,869,870,4648,4656.09,5500,1805.15
100,870,324,1249,1249,49500,308
100,870,867,5009,5345.84,2500,2045.67
100,870,869,4648,4652.59,5500,1566.4
100,870,871,4183,4293.77,2000,1296.41
100,870,873,4696,4863.6,2500,1746.03
100,871,325,1249,1249,49500,360
100,871,459,3524,3524.55,3500,627.273
100,871,829,3570,3572.08,3000,748.905
100,871,831,3748,4282.38,2000,1974.78
100,871,868,4779,5687.58,2500,2652.61
100,871,870,4183,4519.18,2000,1711.12
100,872,326,1249,1249,49500,176
100,872,461,2076,2076,1500,58.0024
100,872,873,4599,4599.29,2000,286.01
100,873,327,1249,1249,49500,2000
100,873,460,1407,1571.19,2000,1878.32
100,873,870,4696,4936.47,2500,1910.95
100,873,872,4599,4599.01,2000,130.533
100,873,874,4105,4161.19,4000,2198.44
100,874,328,1249,1249,49500,1354
100,874,459,1328,1508.6,3500,3415.26
100,874,844,4278,4531.89,3000,2379.3
100,874,873,4105,4153.24,4000,2116.18
100,874,877,4890,5041.43,1000,674.066
100,875,329,1249,1249,49500,1602
100,875,461,2603,2638.88,1500,825.845
100,875,876,4608,4644.08,1500,716.975
100,875,878,4890,4890.1,1000,108
100,876,330,1249,1249,49500,2388
100,876,460,3509,4432.52,2000,2301.83
100,876,875,4608,4761.44,1500,1029.61
100,876,877,4561,5051.32,1000,920.095
100,876,879,4679,4684.15,2000,585.408
100,877,331,1249,1249,49500,1482
100,877,854,4829,4876.59,2500,1265.72
100,877,874,4890,6163.45,1000,1147.88
100,877,876,4561,4937.39,1000,861.237
100,877,880,4745,4745.03,4500,367.913
100,878,332,1249,1249,49500,154
100,878,875,4890,4898.5,1000,328.133
100,878,879,4648,4648.67,500,88.0017
100,878,881,4696,4696,1000,40.0001
100,879,333,1249,1249,49500,274
100,879,876,4679,4714.43,2000,947.988
100,879,878,4648,4648.37,500,76.1025
100,879,880,4660,4660.33,2500,368.179
100,879,882,4189,4195.95,1000,324.334
100,880,334,1249,1249,49500,1172
100,880,464,1490,1503.21,3500,1725.82
100,880,877,4745,4745.34,4500,663.502
100,880,879,4660,4660.34,2500,371.15
100,880,883,4259,4259.13,3000,360.644
100,881,335,1249,1249,49500,124
100,881,878,4696,4696.08,1000,104.033
100,881,882,4600,4600.5,1000,163.967
100,882,336,1249,1249,49500,176
100,882,463,2341,2345.02,2000,654.017
100,882,879,4189,4196.28,1000,328.043
100,882,881,4600,4600.03,1000,83.9999
100,883,337,1249,1249,49500,454
100,883,463,1909,1909.02,2000,185.651
100,883,880,4259,4265.19,3000,941.141
100,883,888,4698,4698.02,1500,108.912
100,884,338,1249,1249,49500,296
100,884,444,3812,4346.33,1000,983.197
100,884,856,4452,4457.05,3500,1032.13
100,884,862,4233,6713.25,500,702.925
100,884,891,4961,6800.38,500,626.935
100,885,339,1249,1249,49500,782
100,885,444,630,1671.11,1000,1821.87
100,885,857,4595,4595.33,5000,738.864
100,885,886,4101,4697.72,500,496.212
100,885,891,4056,8414.61,1000,1636.02
100,886,340,1249,1249,49500,216
100,886,858,5513,5514.44,4000,817.117
100,886,885,4101,5666.31,500,631.502
100,886,887,4717,4719.96,1500,381.514
100,886,892,4146,4207.16,500,280.001
100,887,341,1249,1249,49500,430
100,887,859,4967,4977.29,3500,1199.97
100,887,860,5460,5460.06,4000,364.75
100,887,886,4717,4720.6,1500,400.664
100,887,893,4146,4151.17,1000,301.997
100,887,909,4527,4527.13,2000,235.474
100,888,342,1249,1249,49500,282
100,888,861,4496,6851.46,500,683.533
100,888,883,4698,4698.12,1500,172.139
100,888,894,5181,5244.1,500,266.901
100,889,343,1249,1249,49500,234
100,889,862,5406,5414.82,3000,968.873
100,889,890,4536,5146.91,1000,973.427
100,889,895,4931,4931,2000,90.0512
100,890,344,1249,1249,49500,632
100,890,889,4536,4560.15,1000,434.037
100,890,895,5355,5355.7,500,86.0006
100,890,896,3397,5452.32,1500,2125.76
100,890,898,4292,4299.05,1000,323.518
100,891,345,1249,1249.02,49500,4690
100,891,884,4961,7244.83,500,661.791
100,891,885,4056,8205.86,1000,1616.07
100,891,896,3020,28633.9,1000,2742.17
100,892,346,1249,1249,49500,460
100,892,886,4146,8278.35,500,802.766
100,892,893,4717,4747.03,2000,907.74
100,892,897,4468,4472.31,2000,566.52
100,892,900,6818,6831.67,500,170
100,893,347,1249,1249,49500,416
100,893,887,4146,4792.96,1000,1009.92
100,893,892,4717,4718.42,2000,423.366
100,893,909,6406,8232.03,500,587.053
100,894,348,1249,1249,49500,238
100,894,888,5181,5320.55,500,325.482
100,894,895,4502,4909.1,500,440.575
100,895,349,1249,1249,49500,288
100,895,889,4931,4931.2,2000,257.551
100,895,890,5355,5731.64,500,413.751
100,895,894,4502,4508.26,500,155.156
100,895,898,5523,5724.82,500,351.271
100,896,350,1249,1249.08,49500,7112
100,896,442,780,5084.56,500,1231.42
100,896,890,3397,3401.35,1500,455.824
100,896,891,3020,18739.2,1000,2427.07
100,896,898,3962,3962.63,500,90.1194
100,897,351,1249,1249,49500,944
100,897,441,3894,8795.05,500,850.982
100,897,442,2381,10691.6,500,1098.16
100,897,892,4468,4489.03,2000,841.723
100,897,899,3346,3346.99,1500,316
100,898,352,1249,1249,49500,404
100,898,441,1657,4123.97,500,887.478
100,898,890,4292,4302.15,1000,354.314
100,898,895,5523,5528.88,500,145.103
100,898,896,3962,9606.15,500,877.745
100,899,353,1249,1249,49500,300
100,899,897,3346,3404.4,1500,876.065
100,899,900,4709,4710.91,500,114
100,900,354,1249,1249,49500,284
100,900,892,6818,7298.39,500,413.935
100,900,899,4709,4759.13,500,258.065
100,901,355,1249,1293.75,49500,34606
100,901,512,2166,2255.09,3500,2532.73
100,901,540,4857,9600.34,2500,3993.43
100,901,541,2510,2636.54,10500,7994.71
100,901,659,3658,8158.22,4500,7615.3
100,901,660,4822,8753.46,3500,5344.13
100,901,669,6176,13711.2,500,844.391
100,902,356,1249,1253.46,49500,19446
100,902,513,1563,2647.25,3000,4399.37
100,902,515,5358,5533.63,6000,4102.32
100,902,541,3698,6800.57,10500,16147.5
100,902,542,834,834.614,3500,926.582
100,902,543,3224,3338.55,5000,3488.2
100,903,357,1249,1249.06,49500,6528
100,903,543,1946,2517.23,5000,5913.77
100,903,905,4881,4962.12,4500,2596.23
100,904,358,1249,1249.13,49500,7968
100,904,512,5511,8861.56,3500,4966.12
100,904,513,6710,7521.09,3000,2842.4
100,904,669,5948,12034.6,1000,1616.13
100,904,853,5017,8069.86,1000,1419.2
100,904,905,5829,6420.92,3000,2721.23
100,904,906,4281,4295.93,5000,1952.29
100,905,359,1249,1249.39,49500,10604
100,905,515,968,1014.23,6000,4507.11
100,905,903,4881,4938.55,4500,2382.75
100,905,904,5829,5991.61,3000,1970.08
100,905,907,4576,4630.07,3500,1854.26
100,905,908,6907,6907.03,1500,114
100,905,930,8868,8907.84,500,208
100,906,360,1249,1249,49500,1068
100,906,853,3565,3866.44,3500,3032.7
100,906,860,3970,4905.34,1500,1679.24
100,906,904,4281,4374.46,5000,3088.3
100,906,907,4647,5530.21,3000,3182.88
100,906,909,6619,6619.13,2500,265.314
100,907,361,1249,1249.01,49500,4392
100,907,516,1535,1822.38,2500,2642.44
100,907,905,4576,5229.98,3500,3457.92
100,907,906,4647,5651.27,3000,3286.76
100,907,910,6896,6897.65,2500,499.997
100,907,911,7362,7362,1500,0
100,908,362,1249,1249,49500,516
100,908,516,2631,2637,2500,878
100,908,905,6907,6913.61,1500,424
100,908,911,5908,5908,1500,12
100,909,363,1249,1249,49500,590
100,909,860,5752,5769.29,1500,564.379
100,909,887,4527,4527.15,2000,243.598
100,909,893,6406,6438.61,500,214.608
100,909,906,6619,6625.8,2500,719.275
100,909,910,4190,4193.2,4500,1201.58
100,910,364,1249,1249,49500,1326
100,910,517,3137,3137.93,3500,738.124
100,910,907,6896,6936.9,2500,1114.8
100,910,909,4190,4190.78,4500,845.688
100,911,365,1249,1249,49500,234
100,911,517,980,980.073,3500,522
100,911,907,7362,7362,1500,0
100,911,908,5908,5908,1500,14
100,912,366,1249,1249,49500,3212
100,912,416,2059,3003.39,3500,4628.27
100,912,707,11968,11968.9,3000,449.272
100,912,713,8143,8144.65,3500,670.789
100,912,719,5547,5555.72,3000,959.95
100,912,725,5595,5601.86,4000,1202.64
100,912,800,14948,14948.4,3500,391.217
100,912,863,13972,13972.2,2500,256.82
100,913,367,1249,1249.01,49500,3844
100,913,388,2391,2453.14,2500,1612.92
100,913,779,8163,8164.74,2000,388.157
100,913,784,5542,5542.42,2500,375.895
100,913,792,5229,5301.32,2000,1102.1
100,913,914,13112,13112.1,500,40
100,914,368,1249,1249,49500,324
100,914,913,13112,14132.7,500,424.382
100,914,915,4712,5183.44,500,451.858
100,915,369,1249,1249,49500,544
100,915,779,4733,9848.79,500,819.203
100,915,914,4712,4785.82,500,284.239
100,915,916,4599,5161.87,1000,950.416
100,916,370,1249,1249,49500,578
100,916,780,4448,5382.09,1000,1087.76
100,916,781,4931,4947.62,3000,1161.58
100,916,915,4599,4616.66,1000,400
100,916,917,4909,5171.03,500,386.178
100,917,371,1249,1249,49500,578
100,917,781,5697,7798.05,500,626.102
100,917,782,5996,6200.4,500,345.225
100,917,916,4909,6605.16,500,615.978
100,917,918,4745,4804.47,1500,806.455
100,918,372,1249,1249,49500,1320
100,918,782,5398,7111.72,1500,1809.24
100,918,783,4399,4403.4,2500,714.525
100,918,917,4745,4828.36,1500,877.5
100,918,919,4153,4748.91,3000,2966.9
100,918,923,6108,6115.03,1000,296
100,919,373,1249,1249,49500,1268
100,919,737,4955,5049.46,1500,895.62
100,919,739,4530,5034.75,2000,1856.74
100,919,918,4153,4472.65,3000,2539.07
100,919,920,4276,8762.28,1500,2439.39
100,920,374,1249,1249,49500,1146
100,920,417,2336,4155.17,2000,3018.96
100,920,738,3508,3612.1,2000,1333.83
100,920,742,5371,5447.18,2500,1386.31
100,920,919,4276,5281.2,1500,1678.31
100,921,375,1249,1249.08,49500,7004
100,921,417,2865,23639.3,2000,5273.6
100,921,742,5789,29159.9,1000,2277.69
100,921,743,3729,28581.9,1500,3872.7
100,922,376,1249,1249,49500,3034
100,922,417,5376,5533.13,5000,3322
100,923,377,1249,1249,49500,296
100,923,918,6108,6126.7,1000,378
100,924,378,1249,1249,49500,2826
100,924,389,4174,4353.2,3500,2560
100,925,379,1249,1249,49500,742
100,925,416,3777,3780.31,3500,968
100,926,380,1249,1249,49500,3138
100,926,461,4663,5641.05,3500,3806
100,927,381,1249,1249,49500,3456
100,927,462,9553,10446.3,3500,3110
100,928,382,1249,1249,49500,1306
100,928,441,3787,3803.64,3500,1448
100,929,383,1249,1249,49500,0
100,929,517,5598,5598,3500,0
100,930,384,1249,1249,49500,208
100,930,905,8868,9074.9,500,314
100,931,385,1249,1249,49500,50
100,931,514,3559,3559,5000,44
100,932,386,1249,1249.45,49500,10936
100,932,533,3574,66419,3500,11674
